epoch,steps,cosine_pearson,cosine_spearman,euclidean_pearson,euclidean_spearman,manhattan_pearson,manhattan_spearman,dot_pearson,dot_spearman
0,-1,-0.014244917730374677,0.005664736213993344,-0.028840860762807854,-0.037474963242875255,0.0017645883351246516,0.05136513518063007,-0.0017677672187823232,0.01950900896229203
1,-1,-0.04218458672390506,-0.010684161227705926,-0.08741643300916911,-0.05595997378231838,-0.03672575712270367,0.00555469652399521,0.028557746362410572,0.038284427064287724
2,-1,0.03552874616077443,0.054580468895680447,0.015627562407543254,0.036350469116690896,0.014312631824953657,0.04412563901778292,0.0563497184915052,0.07316269709957873
3,-1,0.050225672477570135,0.07299806717487681,0.019801228950713342,0.04391805709363557,0.02689639218993901,0.045755921033240866,0.09641849032576326,0.11796393971585598
4,-1,0.08483721581817039,0.10472633618626363,0.047905825373917625,0.06931187160655695,0.03809286911992255,0.05851434539655353,0.12433731886656552,0.14078738900447055
5,-1,0.09182791064789944,0.112037406284871,0.0665397746045325,0.0859477439501441,0.04159047666770728,0.06290586353407512,0.10658056924064986,0.12057907297973033
6,-1,0.10978325733439759,0.1187701902837485,0.08128083060936048,0.09016334414258209,0.05566060576062859,0.06800853015572886,0.13406348000466312,0.13206865008062643
7,-1,0.12075195104028444,0.13044727752307642,0.09927587722000325,0.10849118821115311,0.06688820090348659,0.07422665398016658,0.15585259108345584,0.15864033645341238
8,-1,0.2059827518199621,0.22164151702834206,0.16945832843582595,0.1846039075547115,0.13480150690320963,0.14808497105500631,0.23646475594289063,0.24696703262772335
9,-1,0.3039651926741825,0.32924178807030113,0.26256065293466324,0.286131244823519,0.2492962718880865,0.26759569854514476,0.33872414533035256,0.3632513399301417
10,-1,0.40534477640497507,0.44294756738440544,0.3874882341490631,0.4191353324423962,0.38434559984289735,0.41862473437629294,0.40593687651736166,0.44271435892155425
11,-1,0.4333343950030748,0.4566466324306093,0.4184176712010606,0.44164601879507764,0.419749011860228,0.4431384219983081,0.4429298309088648,0.4637552313814255
12,-1,0.5019512428692484,0.5252802771767778,0.49602368330747126,0.5174964079255683,0.48495467873730597,0.51017838015758,0.49553987433326596,0.5220813602888384
13,-1,0.5351192612039466,0.5669231025446495,0.5382432834373431,0.5649864723674888,0.4907433624815681,0.5308547656005984,0.5170142470853285,0.5550528077185842
14,-1,0.5725216046616206,0.593619946472819,0.5817786904026007,0.6055214309557644,0.5387960472840102,0.5655603808554854,0.5521420620849523,0.5784066540158128
15,-1,0.621268346268895,0.6390744666230548,0.6211403320021655,0.6405518286326766,0.6030804903874755,0.6258202535898353,0.6107715732554533,0.6362293451670546
16,-1,0.6576564212490814,0.6712707186489401,0.6556754666067834,0.670905644095942,0.6316640760987182,0.6531146343428946,0.6465184816323863,0.6688256549499477
17,-1,0.6745807125449742,0.7036053833326296,0.6842807149669948,0.7039788283202042,0.6536362074146601,0.6824449960714276,0.666949817127884,0.7014398706984004
18,-1,0.6758913331532598,0.7162735786821142,0.6923018502993609,0.7161735536152888,0.6667343969367597,0.7070505989511693,0.6713190546201421,0.7136074690573131
19,-1,0.7384780377519273,0.7381170841389638,0.7360672175667122,0.7360894207980575,0.7254006347512792,0.7370356209828264,0.7295091376832574,0.7375854228702702
20,-1,0.7576245723115249,0.7504999714122791,0.7558442188856721,0.7470011761149271,0.7424350459399991,0.749527969421484,0.7442650012530644,0.7503696646859581
21,-1,0.7786806313528974,0.7658640619558866,0.7781082152268349,0.7636573345909681,0.7681835649079841,0.7661263456693497,0.7688796888601284,0.7653208538123993
22,-1,0.7909746403756535,0.748765859304049,0.7840821836177476,0.7403027838801938,0.7854428815008501,0.7590867428121739,0.7837788125208001,0.7494906323295409
23,-1,0.8187268531294871,0.7746565150789413,0.8112007922037098,0.7635533989210429,0.8096507440889874,0.782108695178576,0.8091441440834772,0.774489103506258
24,-1,0.8336900327360929,0.7819620221086027,0.8266930927993146,0.7685668604513033,0.824126165622922,0.7902110842914232,0.8225187128892294,0.783397674108958
25,-1,0.8427325342030316,0.7788929806335857,0.8334256080676762,0.7667139510180863,0.8337201991525047,0.7901714416446945,0.8346259847731028,0.7786562621936282
26,-1,0.8490607942109869,0.7889344492153599,0.8440014056427912,0.7720425125547882,0.8414398701967477,0.7989785237457704,0.8405109319562188,0.7888336088939556
27,-1,0.8733740748096726,0.7999643265990543,0.8674177599326007,0.7801875418604287,0.8648307946181797,0.8122976487234327,0.8648435616663716,0.7989309885877763
28,-1,0.8729045350138283,0.7849760088383791,0.8679974982805707,0.7706783586379669,0.8675463182235229,0.8026857779050197,0.8628397058766689,0.7859962834998706
29,-1,0.873119183954549,0.8027049783219257,0.8705026891045844,0.7805272834409739,0.8645549793319552,0.8138223390836472,0.8633349130929846,0.8030444695425932
30,-1,0.8848150469893528,0.7791350077677666,0.8783518130464023,0.7646252592322257,0.8797892775001718,0.8024490849027027,0.8769521236197867,0.7798162392023408
31,-1,0.8938820210935857,0.7803993717873136,0.8886692752326818,0.7651404671559018,0.8906808821776212,0.8108565843346236,0.8854236786540703,0.7837526076990335
32,-1,0.9053405977795894,0.7926861160461124,0.9005995227658995,0.7723112752640682,0.9021958095413497,0.8180931845577665,0.8994385706061547,0.7935211404384076
33,-1,0.9043359570649929,0.7911910978190482,0.8991965380284926,0.7729722088985675,0.9012092773625899,0.8198682849781423,0.8980818051412165,0.7956212266603817
34,-1,0.9126401229689503,0.8021034075586603,0.9084344570576929,0.77319299024668,0.9107633064687282,0.828433325464061,0.9093920601992358,0.8027695169539434
35,-1,0.9150281717118375,0.786382321333014,0.9116363226009392,0.7680797872137817,0.9144851430845976,0.8122050240145738,0.9117902313352607,0.7922234373617183
36,-1,0.9203586954519681,0.7877761480063107,0.9122211516515885,0.7712677059230553,0.9180070181376588,0.8219882097384565,0.9181826733695395,0.7900366502606262
37,-1,0.9292116776656816,0.8112663513048393,0.9235015888992676,0.7805087968787803,0.9264093124277676,0.8277406793395794,0.927117881620742,0.8107524041431131
38,-1,0.9305814899863756,0.8004081549722507,0.9277316092716115,0.7791455355994631,0.9307625810375192,0.82518691566469,0.9274067656302224,0.8040590313360496
39,-1,0.9309703257420066,0.8102101073588969,0.9302752897515771,0.7768271465798559,0.9310022181951366,0.8308828704551574,0.9276381701310162,0.816851331244856
40,-1,0.9283000577322048,0.8097713042761048,0.928599699132464,0.7838987945482754,0.9299556667044852,0.8271928591299219,0.9264040280633198,0.8094517377513181
41,-1,0.9347331247082183,0.8176860213467434,0.9287418198339165,0.7934394196080402,0.9308136955575836,0.8240492004369392,0.9333513566893146,0.8189183607245656
42,-1,0.9350276779107299,0.8063469924160808,0.9315993070075151,0.7875139201019197,0.9314661240982767,0.8106143539723509,0.9332321773662932,0.8107419434670762
43,-1,0.9385347708817078,0.8277672302311101,0.9357419104545595,0.7987032835104434,0.9345362478147453,0.8249182646179025,0.9355492863510269,0.8263553298896392
44,-1,0.9403304830764599,0.8303209410866222,0.9345512832452929,0.8128253065177505,0.9333218666839952,0.8269079700571258,0.9390147913758154,0.8297360888820469
45,-1,0.9432821004537985,0.8263243573308225,0.9397415669687053,0.8003878970144951,0.936643794438412,0.8260331631948172,0.9405026449028201,0.8271474072112928
46,-1,0.943153619872351,0.8093153607114605,0.9396216338321342,0.7985745609607222,0.9377817129024367,0.8126580917400489,0.9411778813891843,0.8081526962884946
47,-1,0.9473158879140403,0.8351871635426431,0.9389730699968722,0.8236744992693629,0.9371089734012183,0.8354789641850956,0.9458812357116341,0.8339877973301414
48,-1,0.9429441269515625,0.8372351117007546,0.9329280107849651,0.8230595609207351,0.9290477926242869,0.8348474531355742,0.9388789173546239,0.8343006385159655
49,-1,0.9455528390124435,0.8465835695886013,0.9344823156389973,0.8345015162392674,0.928197452269652,0.8434466923441635,0.9419926265379138,0.8451789696489518
50,-1,0.9479946074075,0.8437048149462784,0.9338352640261322,0.826303278923253,0.9325127886137251,0.8450952297457053,0.9457789560151202,0.8434922171186225
51,-1,0.9513946861907158,0.8409491175914245,0.9427745534209077,0.8163764819492118,0.9402121637829782,0.8433505691660736,0.9480946619268931,0.8391207437682657
52,-1,0.9529716355420986,0.841493760363021,0.9388657372627708,0.8278219356688377,0.9379055213282053,0.8427971752954805,0.950028562898625,0.8400401509517026
53,-1,0.9569120325593657,0.8523537894019769,0.9469256625717347,0.8456532622696735,0.9469122559805916,0.8501155831161236,0.9545664007957001,0.8499650834647291
54,-1,0.9533046348124726,0.8257545871669913,0.9460160540935533,0.8198485318088891,0.9457848203766192,0.8345831268821087,0.951093825691064,0.8236496085263537
55,-1,0.9574167909794925,0.8465129529866391,0.9474336900068903,0.8476967663085367,0.9476317665719703,0.8467389071308782,0.954934275801403,0.8426446585063918
56,-1,0.9596006232426348,0.8594760504093776,0.9499810013450912,0.8491697443743971,0.9512747631384711,0.8580268482759803,0.9577086434708305,0.8569649738504231
57,-1,0.9627610140268658,0.8569158917628554,0.9546082544952961,0.8467937690684031,0.9563631149196403,0.8614712723875576,0.9608637203485872,0.8573328362214028
58,-1,0.9619811246793093,0.8526232278069205,0.9543209790597096,0.8583279354581265,0.9540930111020561,0.8586051347576439,0.9602752342030872,0.850810641215045
59,-1,0.9613369695122066,0.8589414311230916,0.9521889679504877,0.8614495101538995,0.9522333684400079,0.8589653233874542,0.958710147026736,0.855935488237774
60,-1,0.9592643678737417,0.8638160456380916,0.9547750863336699,0.8632000650007418,0.9540661662869915,0.861357857485712,0.9569508735638423,0.8613215486653116
61,-1,0.9614777236771204,0.856837929831553,0.956475049260692,0.8619909746041611,0.9557787279488702,0.8574756182404619,0.9599597413085549,0.8548214957332562
62,-1,0.9624643192211751,0.8574653057747462,0.9562987681490122,0.8505883998728532,0.955810046301821,0.8564974438982724,0.9603551146307686,0.8570058396994463
63,-1,0.9648726015808199,0.8641726270152187,0.9601115654432509,0.8576171224571202,0.9597963427590227,0.8607679515898473,0.9619719797109623,0.8606197389208005
64,-1,0.9655961913856717,0.8632811181157573,0.9583785568343185,0.8555998494157355,0.9574209457274265,0.856208963086033,0.9631560157788501,0.8619049952568436
65,-1,0.9665715042471484,0.8636412789560458,0.9614083352845176,0.86161058661532,0.9604742367424279,0.8545337096761911,0.9648049553612296,0.8629777076066982
66,-1,0.9676960779045255,0.8694287816054915,0.9603216912522332,0.8623419564196144,0.9594734873466126,0.8630753419410984,0.9658276957436265,0.8691907533279832
67,-1,0.9670339890121745,0.8686615524456663,0.958341446828606,0.8637867686651981,0.9570423718535633,0.8609435194413724,0.9644554975074634,0.8677537983762031
68,-1,0.9695880537753563,0.8711551726414686,0.9625685168585819,0.8594467288547286,0.9617788717112179,0.861019494560196,0.9674731214657327,0.8706212191736246
69,-1,0.9668044276133244,0.8708598782110122,0.963884190690842,0.864316276286937,0.9634643546407733,0.867299252518653,0.9651369503882812,0.8702440178962374
70,-1,0.9696566999739091,0.8708129617021012,0.9655486496311955,0.8626466567321687,0.9650594764886928,0.8656486167675673,0.9679312896472649,0.8705810069983935
71,-1,0.9722079280107214,0.8721275765242567,0.9657991068113495,0.8601997398303803,0.965462235353339,0.8667500995456012,0.9709336532658626,0.8723167667363264
72,-1,0.972710442394079,0.8740345477793258,0.96600628068029,0.8655760726124776,0.9654507365579071,0.8663437184401944,0.9713581972094592,0.8738020212780768
73,-1,0.9725455109857648,0.8737703075362845,0.9662405410163788,0.8622809340246944,0.9656948870534675,0.8674722311015283,0.9704752662219849,0.8736387241491993
74,-1,0.9732888636399252,0.8764006214016182,0.9668389831162887,0.8652246561084368,0.9666604644920549,0.8694948190108011,0.9720539517826656,0.8766534470539494
75,-1,0.9736650240640667,0.8751951848400678,0.9672547041531104,0.8538508302500454,0.9673572198686454,0.8689049800971785,0.9723578882807485,0.8759783088732547
76,-1,0.9721893449608753,0.8729022404286293,0.9642908334563572,0.8502028752797784,0.96422078763653,0.866293841580152,0.9710521906938233,0.8736533846712697
77,-1,0.9725924370319436,0.870875587789677,0.9658079545556955,0.855564930419152,0.9652144352372868,0.864668673105611,0.9707091963777287,0.8705096343339042
78,-1,0.9737371003073432,0.8743249509011359,0.9672061560756596,0.8699310373600598,0.9662792586670546,0.8663003828914531,0.9718236218742373,0.8738351138473848
79,-1,0.9735063045115524,0.8782142283916525,0.9663528166058049,0.8667566381064848,0.9654584978544417,0.8693265016174762,0.9715075184410734,0.8776685672386274
80,-1,0.9729957116143584,0.8794893723381574,0.9673731873078335,0.8727741974445578,0.9667953540988518,0.8699835321474174,0.9713280810417204,0.8786242465521051
81,-1,0.9750878507166983,0.8804539283200538,0.9682669367142587,0.8677112567275166,0.9680333209438414,0.8744650426198541,0.9735283390375574,0.8806749681109806
82,-1,0.9735095215641459,0.8819377158981406,0.9679120576972601,0.874142225511847,0.967416870957793,0.8741894506373539,0.9722421645520097,0.8814959392990905
83,-1,0.9759428459268603,0.8786202949956897,0.9694246335123797,0.8593710346737949,0.9689366040572529,0.8707961055541924,0.9745569585104163,0.8787241503788434
84,-1,0.975671993380745,0.8824780946210299,0.9684797782875816,0.8619517908147816,0.9683170279412076,0.874609026552364,0.974117806070801,0.8822741373433535
85,-1,0.9773359818987492,0.884798301917741,0.9695801876876575,0.8654792142715213,0.9691562906746706,0.8736087753474533,0.9758152777480943,0.8851908488167551
86,-1,0.9767193926768332,0.8858618416312296,0.9698189982791496,0.8767168024203813,0.969464962564372,0.8785367666801484,0.9751561029146644,0.8853735103540811
87,-1,0.9748635427808783,0.8776973901164414,0.9696950641219189,0.8747387329455221,0.9689148199853191,0.8703406680270525,0.9730392525539799,0.8770637412799006
88,-1,0.9753751592538031,0.8873407216277188,0.9693719173903025,0.8725041295270974,0.9692093818125389,0.8817407029555231,0.9743002367218311,0.887634301193994
89,-1,0.9773611670525909,0.8875675721910303,0.9685684265255813,0.8679001791289875,0.9683448298844696,0.8802260236972975,0.9758529531010762,0.8876574274797503
90,-1,0.9778321495078006,0.8854502714967903,0.9710279971865943,0.8752927334091121,0.9707417005696077,0.8780395618653716,0.9761835282351901,0.8853743792408696
91,-1,0.9772936513089524,0.8870422287154857,0.9687847097952808,0.8693455426329284,0.968387075397356,0.8757308616833575,0.9758371406924808,0.8874193705325123
92,-1,0.9772419118379807,0.8842457139595485,0.970759173043197,0.8741955822988049,0.9702284827571767,0.8772759145436211,0.9759073493774852,0.8842929657486204
93,-1,0.9776139318041166,0.8862725828205574,0.9706055756306199,0.879157574646669,0.9699728881916051,0.8788419796905946,0.9755212896567296,0.8852803613097713
94,-1,0.9782702839166386,0.8906221793781722,0.9712825389962922,0.8754865799218756,0.9710771000268069,0.880133416516388,0.9764477335186991,0.8907347753371863
95,-1,0.9784549303697107,0.8858786455777892,0.9721854010426683,0.8739275679070703,0.9718544466882071,0.8791481047819434,0.9768256447447197,0.8858271546455652
96,-1,0.9790154014122698,0.8889725811609778,0.973284970645765,0.8737040552961118,0.9734126227422212,0.8825375967151412,0.9776350621602418,0.8890369830723177
97,-1,0.979066650387149,0.8889973978972597,0.97300840011263,0.8726223309305139,0.9731413211333704,0.8822067716992773,0.9775922096819356,0.8894292979773362
98,-1,0.9795604920170237,0.8912132048136461,0.9741239115998641,0.8813666654712926,0.9739528136514458,0.882859055277837,0.9779426328139175,0.8913583230518106
99,-1,0.9798799413449933,0.8881388559964166,0.9740415704417252,0.8787466522935172,0.9738102858558412,0.8806827650556406,0.9779904722851733,0.8874978386447044
100,-1,0.9801385052417817,0.8894547511018484,0.9741223232105398,0.8839909706236743,0.9738552697278481,0.8837954166343237,0.9783600020311287,0.8886838557126623
101,-1,0.9808526767878316,0.8944872681441816,0.9735061608135104,0.8848204056952421,0.9735748303486729,0.8900637493447582,0.9790386850054599,0.8942782840866818
102,-1,0.9790431115672341,0.8901988604948151,0.9739680113541302,0.8777059653021491,0.9740227034997683,0.8841951721649682,0.9775995494056494,0.8903085052407579
103,-1,0.9805756468446903,0.8933977771304475,0.9745072743978761,0.8868240401019503,0.9742536109035506,0.8861465847243581,0.9789873279691039,0.8931615298137061
104,-1,0.9794291715810631,0.8908493478288468,0.9750149212048649,0.8829387846558271,0.9749088631672068,0.8866100629582252,0.977475748402335,0.8903430307173728
105,-1,0.981778468540551,0.893874383444079,0.975045386285082,0.8799260048515108,0.9750035787960053,0.8860340851691456,0.9801906094175907,0.8939534884498103
106,-1,0.9816932425693451,0.8936511014493245,0.9764203491955534,0.8875415487813132,0.9763374044560381,0.887500756174188,0.979709689804813,0.8932177946152594
107,-1,0.9818670229575114,0.8934519266809655,0.9765806913700436,0.8856993741997483,0.9765330453053056,0.8876740342370956,0.9801370707825732,0.8929870388169886
108,-1,0.981676752060628,0.8910993230523923,0.9765421288797909,0.881934759053395,0.9766133055188321,0.887394454515237,0.9799021522461118,0.8914563363611565
109,-1,0.9821973931638854,0.894488142782088,0.9761877837869473,0.8838077118831812,0.9761876055902284,0.8883597693312107,0.9808041749898616,0.8945433665470929
110,-1,0.9824211456804707,0.8949207069269894,0.9771620715283017,0.8892111362824423,0.9769958422624273,0.8901924209613589,0.9807706802201341,0.8945462785779404
111,-1,0.9816090221951785,0.8915687003281009,0.9764661306198411,0.8870909264395893,0.9764530049933465,0.8902990914658802,0.9796149069562524,0.8909015602846478
112,-1,0.9829116205433658,0.8945591041651507,0.9774339743534353,0.8878515362896654,0.9774126783586498,0.890332545857991,0.9809804294044532,0.8941571795475306
113,-1,0.9835371544787956,0.8965769377418676,0.9773545820589509,0.8899248648055359,0.9772811878234112,0.892356643179574,0.9819998187782303,0.8966467974824036
114,-1,0.9833996107113735,0.8971368730483109,0.9779638283263337,0.8904861729297979,0.9780397597235708,0.8921690938409561,0.9815906066483739,0.8969815411256904
115,-1,0.9835220219928283,0.8956869804481763,0.9781438890316333,0.8875433197328442,0.9781256828378818,0.890706205869742,0.9820389460341578,0.8958677981633458
116,-1,0.9840066644424205,0.8976782529989954,0.9787585586312644,0.8915251618351973,0.9786525418804775,0.8927563888125701,0.9821978007319646,0.8974278396914426
117,-1,0.9840943528083309,0.8983086517633785,0.9790670747014769,0.8907436823061401,0.9790494742693465,0.8931423051447275,0.9822310659755144,0.8982437788478269
118,-1,0.9834955876271191,0.8923478987161036,0.9780231014024438,0.8829215020719181,0.978142808835709,0.8897209017698515,0.9821575609336644,0.8927317050409853
119,-1,0.9840804756336715,0.8956271343055822,0.9791747125898168,0.8909397399714162,0.9788841912891311,0.8898787133927429,0.9823493404621232,0.8954081361393958
120,-1,0.9839651563526579,0.8966906410934024,0.979447918947437,0.8925746690318245,0.9793724084794109,0.8937656070774769,0.9824456012627273,0.8966035972826351
121,-1,0.9849110355211941,0.9001768437507242,0.9788173122502222,0.8932622351733871,0.9785373723001031,0.892349238354236,0.9831363081517176,0.9000381577700305
122,-1,0.9854019800784111,0.8990320234325538,0.9799758248732263,0.8925240279525372,0.9797638786451413,0.892624567422268,0.9833294526257966,0.8989134983800765
123,-1,0.9857236689241375,0.8971891189354824,0.9802449223604531,0.8924299220114471,0.9799829147874565,0.8910968159258872,0.9837294980970275,0.8968280532807921
124,-1,0.9853311205301342,0.8944967446360951,0.9801865671199507,0.8884860903211248,0.9799900489619949,0.8879967872406012,0.9834477130606124,0.8942047701335345
125,-1,0.9852382705941509,0.8966397646372584,0.9803391754287721,0.8909412786772708,0.9801107949066749,0.8897436426932392,0.9835446142446116,0.8965811883918783
126,-1,0.9864151550937649,0.8976408755877534,0.9803889149140153,0.8934657606356815,0.980189782217622,0.8940900325141217,0.9840961922037635,0.8973602545769268
127,-1,0.9865920731225648,0.8943068877475727,0.9813816346524192,0.8881236549803438,0.9811739497764679,0.8892533380136151,0.984907216763674,0.8943559499203969
128,-1,0.9859936335852091,0.8968940936847346,0.9810077929609345,0.8956200975658704,0.9805982743065763,0.893588201683004,0.9837712987352789,0.8963046858293896
129,-1,0.9868403855730836,0.8969190157068657,0.9815473769974328,0.8924913789680576,0.9812883698464248,0.8923970010894857,0.9846557766968224,0.8964283703659327
130,-1,0.986733740456575,0.8981418344043915,0.980604258068027,0.8919103080519145,0.9803965662515756,0.8921045885053369,0.9848512960584086,0.8981358716222755
131,-1,0.9872924738274551,0.8993482112098019,0.9822888410828063,0.8935110066006106,0.9820179027833797,0.8929486934944505,0.9857981487806899,0.8993556121416634
132,-1,0.9874882634577618,0.8971806767112503,0.9816572248642362,0.893270942821249,0.9814590256482835,0.8949287118323912,0.9852907828369432,0.8968424510056153
133,-1,0.9879614985006077,0.8988638661803214,0.9822932341754433,0.8919238037133944,0.9821230400082404,0.8933201084208193,0.9861968194231978,0.8987989924977254
134,-1,0.9886134867171247,0.8994051458304375,0.9829373056345139,0.8928322113328216,0.9826987543973614,0.8938945443719757,0.9864930387410105,0.8990936797088603
135,-1,0.9877458593759066,0.8991425438342545,0.9824123974750077,0.8975530295008979,0.98207689559261,0.8955703650652096,0.9854900875115405,0.8986711236676324
136,-1,0.9885265230812649,0.8972864746905393,0.9834813662351014,0.8915916729904647,0.983309205782176,0.8921181507764278,0.9867042462593014,0.8972409601719975
137,-1,0.9884921788372482,0.8975601958235284,0.9830632668181687,0.8914544596157732,0.9828268183175007,0.8932080464389971,0.9865328690866039,0.8976670317092927
138,-1,0.9890009497365969,0.8976026966669425,0.9832720570340043,0.8885521009298577,0.9832288444711292,0.892866405029181,0.9870630830762259,0.8975015861446224
139,-1,0.9887604933522033,0.898689845423535,0.9830533223879588,0.891665452875232,0.9828808795282951,0.8938614549383599,0.9866483577210393,0.8985405750500215
140,-1,0.9887536492158955,0.895195067575103,0.9829137170198345,0.8912262898198967,0.9825223055387116,0.8934554479260569,0.9865237310945826,0.8949549340552686
141,-1,0.9895868239239887,0.9020188130050993,0.9839771076496993,0.8964291726418249,0.983858327891368,0.8993281495599528,0.9873477374136842,0.9018721887289496
142,-1,0.990380843443789,0.9005464853661019,0.9843514297330801,0.8896579055996655,0.9843124629900692,0.893305406595712,0.9885338105250684,0.9007696009588945
143,-1,0.9907187592817828,0.9028620835725322,0.9854846727186243,0.8945168060301246,0.9853475705717726,0.8974512836140363,0.988715744512238,0.9028071566113791
144,-1,0.990189042054428,0.8982762352800896,0.9849725737289249,0.8889971319678797,0.9849376634233277,0.8935278215631715,0.9880508913803374,0.8983279772379636
145,-1,0.9902106405488805,0.8986642595872005,0.9851194817638868,0.8929821841937571,0.984751330550934,0.8943767477438052,0.9878224044684584,0.8984345777478071
146,-1,0.9907739722902227,0.8988558278401628,0.9851434920009322,0.8884868959820018,0.985145136613752,0.8951951336763724,0.988496644176467,0.8989972923749674
147,-1,0.9910520376525896,0.9009820002152243,0.9850962597063208,0.8900347783583211,0.9850561419381519,0.8957051314093128,0.9889708378208529,0.9011568222226769
148,-1,0.991479213837187,0.8994125140960043,0.9857947906299332,0.8881011794810532,0.9857240416837285,0.8921569671043084,0.9894088331108121,0.8995223307332175
149,-1,0.9916793043074748,0.8981210363244302,0.985641155313718,0.8897904634188856,0.985503489377096,0.8944725321247188,0.9892334536297774,0.8980741824231998
150,-1,0.992091990092925,0.9018163622703504,0.986256950478142,0.8946900569225712,0.9860309924788351,0.8951391708610206,0.9900799607946881,0.9018875282115626
151,-1,0.9919061102070277,0.894325238285998,0.9856887322074488,0.8857663229284057,0.9854709783693284,0.8872613590839652,0.9896550160968776,0.8943835452139223
152,-1,0.9926241074995263,0.9028505953168151,0.9864735191054976,0.8962743117257385,0.9862584726130033,0.8978464102518543,0.9902689798282119,0.9026839099032147
153,-1,0.9925031336939528,0.8994680756447161,0.9865819481062517,0.8964551628735884,0.9862172009469209,0.8959293880846451,0.9901391031716078,0.8991452560327126
154,-1,0.9927929857733319,0.900900215164376,0.9865982447334107,0.8929243446323918,0.9863872657295512,0.8957456225396533,0.9904694143090832,0.9009927162951459
155,-1,0.993037177198769,0.9019879678935255,0.9871532387913653,0.8939769318628392,0.9868658933171134,0.8958276427069573,0.9907227492060531,0.9018788205637032
156,-1,0.9929669584682832,0.9016154157809531,0.9869481658303525,0.8951837470068833,0.9866158371961609,0.8966302547135614,0.99080794654876,0.901503655787206
157,-1,0.9933496721979455,0.9010522309144726,0.9869800478447479,0.8909647557759733,0.9866829947340726,0.8929253161830376,0.9911962665916783,0.9011299962820711
158,-1,0.9927304545248402,0.9018987500155522,0.9878720061904922,0.8913283355777741,0.9876742772879746,0.8948100540692662,0.9905169048049768,0.9020113783828857
159,-1,0.993031913443824,0.8987270579678774,0.9873163508062011,0.8927421901543071,0.9870638350014632,0.8956364783397955,0.9904656730185628,0.8983614347577861
160,-1,0.9931156684690601,0.9012270207691775,0.9879780558927848,0.8957866842100283,0.9876419039507929,0.8956989371479491,0.990941651970433,0.9010161270407998
161,-1,0.9936249392677429,0.8979748830561614,0.9875112459703893,0.8850097324970161,0.9874137084884286,0.8889710422022551,0.9915490582775132,0.8984117043656981
162,-1,0.9940878959309841,0.9020175068014992,0.9874045696487781,0.8920699901595752,0.9871495111629335,0.8945563587874351,0.9913945522498864,0.9020463751206791
163,-1,0.9938888075818054,0.9010559849178507,0.9880598022022455,0.8910306697280921,0.9879070534562183,0.8951581611705489,0.9913477384329242,0.901176147185399
164,-1,0.994037735324622,0.8994890787972984,0.9879230710894581,0.8859767519090169,0.987841789004284,0.8914819948133825,0.9916179134934724,0.8995846239063658
165,-1,0.9943684360263628,0.9027031029240031,0.9880924942668337,0.8944126525497555,0.9878336308504007,0.896071794376984,0.9920535389620043,0.9027193771357649
166,-1,0.9943941337388615,0.8990681941736135,0.988119452196801,0.8862987295521025,0.9878744577969208,0.8899837396506229,0.9919426099056863,0.8994487175035486
167,-1,0.9945080548673302,0.9005223055237801,0.9880080855672421,0.8911246432116166,0.9877118722173559,0.8927462425006003,0.9919687945719937,0.900626928729142
168,-1,0.9929577590581479,0.9022591209241205,0.9859369811054389,0.8921676519111884,0.9857842869575096,0.8937298627815347,0.9908447706112752,0.9023056783572215
169,-1,0.9943354034002488,0.9028235047230105,0.9876737449223456,0.889743210873666,0.9874402161752428,0.893324733674267,0.9920884746491534,0.9030715697664813
170,-1,0.9949552170253171,0.9011168054847813,0.9882254458558813,0.885893157237568,0.988033068727291,0.8909917206883852,0.9926721941873256,0.9014762261270167
171,-1,0.9947101319209336,0.9026503528507603,0.9896225861789778,0.8932259654099457,0.9893933387351702,0.8957411360039076,0.9925764690020015,0.9025841071191041
172,-1,0.9949646054052287,0.9016410682296591,0.9885815452110065,0.892492679168245,0.9883530527145429,0.8952328757897509,0.9926246739570439,0.9016478659541833
173,-1,0.9947246656397841,0.9007012791578888,0.9890220922531603,0.8899640458377688,0.9887867557250695,0.8938048215408023,0.9922513987972728,0.9006891887243365
174,-1,0.9949491178842484,0.902488256893428,0.988805137195338,0.8900131453336411,0.9885588468477426,0.8924342066033288,0.9924134796273941,0.9025593235569181
175,-1,0.9953574677462387,0.9031587789569401,0.9889119463715333,0.8922607558816019,0.9886745224889617,0.894728435677062,0.9929590422332764,0.9032037558544243
176,-1,0.9952114819148828,0.9032955949670911,0.9889820727008004,0.8938491027235748,0.9887324921186854,0.8963200650049057,0.9927993732868032,0.903173952035978
177,-1,0.9947624414572485,0.903531165179956,0.988956206813489,0.8922882184633124,0.9887152741896269,0.8949574142638106,0.9922133517918065,0.9035446276601802
178,-1,0.995540971203611,0.9027252733091049,0.9895011367344708,0.8947557658014706,0.9891935997313217,0.8953030077239701,0.992919018896611,0.9024963273867501
179,-1,0.9951461988047872,0.8990708070939726,0.9877356623466402,0.8922862424378785,0.9873634407882405,0.8913136654071426,0.9922116453119625,0.8989671502612729
180,-1,0.9944429515406709,0.8996969883874594,0.9894878475211911,0.8969286256745986,0.9891794214992466,0.8963927706765362,0.9918359056089613,0.8992056722047158
181,-1,0.9952619780352577,0.8980721397880466,0.9886316781422887,0.8887924327572797,0.9882343672475676,0.8893631517795598,0.9926077110715137,0.8982062689801247
182,-1,0.995440210280827,0.9046822858110083,0.9892376331308462,0.8945130256213955,0.9888479249846069,0.8953060913956707,0.9930151363496317,0.9046470500521244
183,-1,0.9956236734297035,0.9016063436885257,0.9889659032827421,0.8890391317542091,0.9886100109283513,0.8908312329194954,0.9930418146738076,0.90162322136407
184,-1,0.9954933427234424,0.903098461806116,0.98918936183281,0.8907013178151942,0.9888659925977901,0.8922760621862612,0.9930121019973469,0.9032163831397387
185,-1,0.9960796554007324,0.9045328627476237,0.9893357452639905,0.8917590282231311,0.9889459869854023,0.8920329842211705,0.9934578742641893,0.9045412518176328
186,-1,0.9954452400610665,0.9038235448466599,0.9895719651949085,0.8917607390787458,0.9891934027872495,0.8921217051994719,0.9929313127788504,0.9038230398889933
187,-1,0.9960761746154982,0.9029384414051774,0.9892230527260937,0.8914261613252277,0.9888830660026541,0.893009613597514,0.9933042529559746,0.9028172038973707
188,-1,0.9959102962514105,0.9049348210581288,0.9900116587214044,0.8953356269151693,0.9897035099370586,0.8959448607887757,0.9934891761218333,0.9048253214575713
189,-1,0.9961330886968051,0.9011533406718633,0.9897636276549784,0.8891615694186144,0.9894454075920935,0.8905019108011589,0.9934416345338307,0.9011499910638672
190,-1,0.9962491199583603,0.9046024386275806,0.989494497992895,0.8936689809821969,0.9891854135757964,0.8939918008484043,0.9937528613567453,0.9045353895931013
191,-1,0.9964316079313941,0.9058012483522045,0.9899482167160396,0.893540813549061,0.9896460490142422,0.8952458545713082,0.9939448663206609,0.9057798470623819
192,-1,0.9965155895828828,0.9046489273121622,0.9897870787058702,0.8893033719929072,0.9894956737951562,0.891905619064748,0.9939920279386586,0.9047843629606773
193,-1,0.9964090582948533,0.9036966444385018,0.989999008604982,0.8928824143308602,0.9897423842368871,0.8941142115934382,0.9938119554622589,0.9036525346287186
194,-1,0.9964593858109027,0.9038378764706944,0.9899815151529543,0.8907830354879002,0.9896091813838261,0.8908459984801146,0.9937417673227991,0.9040965917487664
195,-1,0.9964434856772892,0.9039358688650564,0.9903148678997185,0.8932568434429029,0.9900208226967601,0.8932267345087952,0.9940287506286342,0.9038896837560757
196,-1,0.9966660669082108,0.9050570464488215,0.9900308096295743,0.8917872269798154,0.989671975312731,0.8921629954759035,0.9939959157066485,0.9051368539366863
197,-1,0.996083106794612,0.9025988763165164,0.9901474580261234,0.8885413501413493,0.9898883059841949,0.8905729113688637,0.993465335860291,0.9025741259322799
198,-1,0.9963567715146731,0.9053149941754679,0.9901374038022306,0.8917900060436104,0.9898328580156165,0.8930804456527938,0.9938124950761604,0.9054027386705126
199,-1,0.9966207555184667,0.9027207841569193,0.9899084572482368,0.8876973786230601,0.9895721752875553,0.8891247628008432,0.9938203401372672,0.902958568898274
200,-1,0.9966526183711797,0.9044047416972187,0.9901064261110443,0.8929468164950681,0.9897516439338215,0.8923466588656604,0.9939389919809085,0.9043585571023531
201,-1,0.99667200984329,0.9050947214339627,0.9904807296223639,0.8916875900823736,0.990085126573018,0.8918630824240545,0.9941120241728555,0.9052139492277306
202,-1,0.9964621524334563,0.9023993371040405,0.9903130818794699,0.8914892238513035,0.990064192174992,0.8917926853198754,0.993980358198261,0.902280141718165
203,-1,0.9966672847965703,0.9066571446652645,0.9905389130058591,0.8943236003006712,0.9902586812206475,0.8946933069930311,0.9941306643771953,0.9067911411406819
204,-1,0.9969524950787709,0.9061299970597854,0.9905863939303206,0.8923724497758737,0.9902345593131803,0.8916175968663205,0.9943941022720986,0.9062098706451762
205,-1,0.9967985013610893,0.9059993825994938,0.9904875375916091,0.8920201915567417,0.9901505176240349,0.8914970962975002,0.9941879541448778,0.9060316987735906
206,-1,0.9970004895544265,0.9051007498055579,0.9902822964792319,0.8886915230823372,0.9899297246238355,0.8899789145690383,0.9941763639793353,0.9053700173276665
207,-1,0.9967761680989179,0.9026691746540522,0.9903085191460207,0.8865848086492395,0.9899603505652297,0.8876491511452895,0.9942042510877441,0.9029244413038562
208,-1,0.9971887150153573,0.9066020533541451,0.9903766200889234,0.8926020984355889,0.9900134768108292,0.8930790096107957,0.9944500525527781,0.9066390922126316
209,-1,0.9970086312808404,0.9072069331491412,0.9910324612567963,0.8964602562574852,0.9906867596640611,0.8965078463341349,0.9943730307981148,0.9071831180062834
210,-1,0.9972388939207704,0.9058179606509132,0.9907690982632882,0.8897804495639425,0.9904627994964195,0.891838100304569,0.9945863018635509,0.9059586884953847
211,-1,0.9970564198193751,0.9058938236435928,0.9904439205006845,0.891335908154603,0.9900750052721954,0.8922352066070203,0.99419618747483,0.9059049041600576
212,-1,0.9971893536302526,0.9065960923699784,0.990775809495354,0.8917093620783776,0.9904428223634897,0.8930336283121021,0.9946197431587962,0.9066754944299845
213,-1,0.9970399448598826,0.9061248380904686,0.9906653607227915,0.8922327893705938,0.99030945150486,0.8930968562199181,0.9944033166267051,0.9059761701470112
214,-1,0.9970775112850306,0.906206488629662,0.9907590584768933,0.8921228729416084,0.9903750974853237,0.8929032121538495,0.9943252228075157,0.9062186449067168
215,-1,0.9971638912819992,0.9040439153196612,0.9907994191324154,0.8902664059202061,0.9904211176507649,0.8907533643812686,0.994557008427871,0.9042117008371062
216,-1,0.9971833845247765,0.9070221957986045,0.9908360276240495,0.8938622269127657,0.9904453161434575,0.8930430713728658,0.9945360975716745,0.9070162998808206
217,-1,0.9974147309816854,0.9063332508385742,0.9903109893479095,0.8903935660021869,0.9898624637410129,0.8901192753477306,0.9944293415730717,0.9064571668502276
218,-1,0.997028295967503,0.9069700831392077,0.9910260123768131,0.8928027392939044,0.9906631157490917,0.892522085105124,0.9942408544488976,0.9069935921304797
219,-1,0.997285138325997,0.9058810234347023,0.990629143117122,0.8895863013154786,0.9902796505271478,0.8902701870886464,0.994337193793164,0.9058535935155827
220,-1,0.997217579080394,0.9049011836765994,0.9906003059242892,0.8903215003566431,0.990216832308187,0.8897323947409153,0.994625715645523,0.9049552334358574
221,-1,0.9974169182922821,0.9047335240969651,0.9907988899759158,0.8895600132412294,0.9904299333007722,0.8893550146698822,0.9945261844333261,0.9047939400100621
222,-1,0.9973390625178181,0.9067203059515065,0.9908277049766413,0.8919099365807285,0.990400830191413,0.891648641042667,0.9945573849490098,0.9067940524046861
223,-1,0.9973576259742647,0.9052831801272375,0.9907962571110975,0.8891552756233893,0.9904125489166572,0.8901566556336348,0.9944289981173653,0.9053893757246818
224,-1,0.9974022139620047,0.905538647388087,0.9911561305119694,0.8899706776725225,0.990768540480156,0.8903103091169944,0.9945630015130971,0.9057114920820358
225,-1,0.9972369617358214,0.9066716829065213,0.9911195532739575,0.8904753894688326,0.990717668230076,0.8907982754366519,0.9945135092508537,0.9067482724625145
226,-1,0.9974285901103995,0.9048076083323854,0.9908452054810588,0.8875067847982341,0.9904465414350676,0.8884359231243399,0.9947309805073691,0.905061130946796
227,-1,0.9974417971881377,0.907251274951614,0.991121178196951,0.8906241893420461,0.9907508179810656,0.8913489662428563,0.994742513503321,0.9072728403251404
228,-1,0.9973729318221108,0.9071329157863992,0.990749500062601,0.8909219207871063,0.9903606786835503,0.8903478853406042,0.9946704189754726,0.9072066277714566
229,-1,0.9972626572757695,0.9070081625181637,0.9913014741277287,0.8937660085971489,0.9908660810485015,0.8919605110502155,0.994453220874275,0.9070337812744464
230,-1,0.9974204516079004,0.9058917083925377,0.9908169215737326,0.889355383010346,0.9903817172276628,0.8890430777998201,0.9947599207215078,0.9060418455934437
231,-1,0.9976058504062381,0.9078380032765749,0.9911173933700789,0.8915071101519548,0.9907326691037668,0.8917677358709906,0.9947738169450857,0.9078916867863195
232,-1,0.9975269139648788,0.9059099454227751,0.9908500729467289,0.8890964313323362,0.9904574960891299,0.8885090663670971,0.9945859724430662,0.9060109012045875
233,-1,0.9975108220472058,0.9057417679400158,0.9910014043529288,0.8884664965484376,0.9906207406182772,0.8883097586342437,0.9945113835752395,0.9058402303122103
234,-1,0.9978544882175917,0.9071160697437457,0.9908571521789503,0.8893879019070522,0.990472099316233,0.8898789456384191,0.9949791903301103,0.9073070677115028
235,-1,0.9976318615000792,0.9075240572017554,0.9909774322592464,0.8935248039932143,0.9906291967888112,0.8934979783067715,0.9947988479711041,0.9075508154957291
236,-1,0.9975669873865282,0.9051128073211249,0.9914505887284222,0.8895796692276824,0.9911033180203899,0.8911359940812745,0.9947037321028662,0.9050800185924621
237,-1,0.9977073081480354,0.9065612952143057,0.9911483532324762,0.888897428713737,0.9907120408363758,0.8893328774627404,0.9947544093649241,0.9066633381529333
238,-1,0.9976410330802741,0.9070952729488053,0.9910232162319721,0.8909150893777851,0.9905928042721117,0.8909723591613744,0.9945918759794653,0.9069600679992204
239,-1,0.9977088035057697,0.9063135287730595,0.9909612234403413,0.8893948191373965,0.9905369043453023,0.8892993865094254,0.9949439604281599,0.9063378063446109
240,-1,0.9975236662348901,0.9078600072554519,0.9911034292680151,0.8916630118510009,0.9906510174595463,0.8915277415776004,0.9943763714433438,0.9078394743353512
241,-1,0.9977498401521888,0.905660222421209,0.9905042334240702,0.8892858244912878,0.9901078453346958,0.8897044609016928,0.9946379554075555,0.9056919346173039
242,-1,0.9977809762606773,0.9071435323254641,0.9909983854317,0.8898702048126059,0.9905998048315344,0.8899653191199935,0.9948528797374846,0.9072474535565357
243,-1,0.9976147438397835,0.9076962328472179,0.9914010629514421,0.8916553721576526,0.9910311084891162,0.8924162866167547,0.9950799613188788,0.9077143838015225
244,-1,0.9978319867991035,0.9070827127923425,0.9910242200300046,0.8901181708320758,0.9906169840795501,0.8901000854640968,0.9950057042066083,0.9071631558880671
245,-1,0.9978576788189505,0.9080471858932809,0.991198150623943,0.8916345748422746,0.9908037476766416,0.8925100281080564,0.9950065869236926,0.9080191514766031
246,-1,0.9979701095960798,0.9064355361507365,0.9909452035056086,0.8897932090510583,0.9905294540072807,0.8896759904613875,0.9950363857643156,0.9064737793572238
247,-1,0.9978568805357266,0.9071119194076714,0.9912446145264284,0.8907431154043022,0.9908280203480379,0.8910231658765522,0.9948847001241893,0.9070679425628484
248,-1,0.997928904865902,0.9071784632249128,0.9910155958784798,0.8903465127777771,0.9906083651058981,0.8906894933176771,0.9947872282657008,0.9072126895790619
249,-1,0.9979574022576424,0.9067517884793147,0.9910693360748868,0.8864240855034697,0.9906409560464708,0.8876197457147714,0.9949955890289847,0.906936690687814
250,-1,0.9979350989584592,0.9068987839745022,0.9910249979156657,0.8876598718853322,0.9905962680130806,0.8876823434970116,0.9949409427633352,0.9069051430937684
251,-1,0.9977837834465527,0.9080298364368623,0.9910138229671236,0.8920680143878277,0.9906280380987449,0.8920593064862173,0.9946550117687176,0.9080211609338013
252,-1,0.9977805455311749,0.9071809766114115,0.9910011956098148,0.8878318126826154,0.9905966554554329,0.8882598602438141,0.994682507533109,0.9072360002765044
253,-1,0.9977652553709104,0.9059638829620529,0.991415869479718,0.8900817349256821,0.9910157469461378,0.8898098552469607,0.9947867106529329,0.9058139083009019
254,-1,0.9980839859717561,0.9067234240907469,0.9910268754521687,0.8874050386560636,0.9905510967719537,0.8879778000610739,0.995076206903263,0.9068749346219168
255,-1,0.9980567014728353,0.9074905986519402,0.9912777695032539,0.8894912199330021,0.990862694530831,0.8894808379904899,0.9952263203085675,0.9075408680017455
256,-1,0.9976881285065838,0.907304125334349,0.9913826896585132,0.890979226118363,0.9909594573140569,0.8902467792228012,0.994522610715131,0.9073010059038709
257,-1,0.9978706219241891,0.9078689137128007,0.991460988884544,0.8900348478442243,0.9910627711748763,0.8895620216862874,0.9950613493524064,0.9079045133989432
258,-1,0.9981776671494172,0.9065606577995794,0.9911339772839932,0.886128396693647,0.9907431341265923,0.8867627156016737,0.9952546812522833,0.9067276078632446
259,-1,0.9980832631539195,0.9075837701162784,0.9910133564378382,0.889341917143113,0.9905713697831418,0.8891972357188869,0.9950024291937645,0.9076346753326553
260,-1,0.9976500422892576,0.9070546443534053,0.9904496742471341,0.8881524221442436,0.9900606106145057,0.8878486563202288,0.9945527008799745,0.9071131041278512
261,-1,0.9979132668833885,0.9070424909863695,0.9911183618439167,0.8879171451276415,0.9907197361056088,0.8887109141517303,0.9948144082176594,0.9071248771835003
262,-1,0.9980586739480625,0.9069822759822131,0.9912929138614335,0.8888565368255739,0.9908677302361155,0.8881285101088324,0.9949592583130485,0.9070986212700681
263,-1,0.9981706317266952,0.9074838683158537,0.991285944570739,0.8886592719804964,0.9908565470298446,0.8885243031858576,0.9951561134677595,0.90755155141255
264,-1,0.9979880825635884,0.9079325794438283,0.9917129867909741,0.8930712369515962,0.9913427496627198,0.8922896247111637,0.9951108769619326,0.9078972114868681
265,-1,0.9980372299103792,0.908101779535567,0.9912503211042165,0.8883862569795866,0.9908187690495838,0.8894271889862767,0.9949088039585147,0.908140156481893
266,-1,0.9982059143883343,0.9076907750190171,0.991177102891407,0.8867695794298662,0.9907554168569402,0.8880629997942849,0.9950212346214942,0.90778062953316
267,-1,0.9981873022429425,0.9079970479639804,0.9912833506350586,0.8889574404932191,0.9908678305427945,0.8896868402782602,0.9950870992911786,0.9080097740096773
268,-1,0.9982936910386238,0.9077597337213555,0.9912351912493962,0.8881380527076431,0.9908009500481457,0.8890205727580796,0.9950848701255329,0.9078261440517017
269,-1,0.9983157682015434,0.9078818064230834,0.9910892190287206,0.8887926320778189,0.9906540203114725,0.8888281322355059,0.995069147738747,0.9079166359815342
270,-1,0.9981432690647072,0.9081684560640796,0.9913072277195248,0.8894054499145861,0.9908720702338097,0.8895655366713866,0.9949666888216492,0.908153148467779
271,-1,0.9981490671066109,0.9075353448501855,0.9916931508166845,0.8897251563130033,0.991292651898901,0.8891756029469005,0.9950611801726585,0.9075636418500064
272,-1,0.9982783109956794,0.9077625467422901,0.9911643637519045,0.8880738827891114,0.9907016649967593,0.8886887769445884,0.9951720254181878,0.9078208518550803
273,-1,0.9980595994176895,0.9082124977160552,0.9912940343096149,0.8882819645256673,0.9908876496791722,0.8895566636398268,0.9948487185957009,0.9082461540424576
274,-1,0.9981046093366517,0.9078822452877078,0.9912817474129351,0.888812394617448,0.9908304623410099,0.8897716418760263,0.9949785860779787,0.9078870646670123
275,-1,0.9982602774672376,0.9073325547882474,0.9913144633350669,0.886504095703939,0.9909231148980102,0.8890708760497514,0.9949308854133297,0.9074410978806706
276,-1,0.9982460369335018,0.9064751210581287,0.9912589226674283,0.8877530062784905,0.9908359418829124,0.8883813299931561,0.9951300682567806,0.9065187235905607
277,-1,0.998228890920186,0.9072561622366702,0.9914744429352755,0.8853798041493058,0.9910973122663956,0.8876793261812184,0.9951640743883291,0.9073131953588757
278,-1,0.9982532599849425,0.9069304969424026,0.9912832549424749,0.8851750753943235,0.9908949515391366,0.887222377118686,0.995044115807861,0.9070525696442622
279,-1,0.9982700055388029,0.9070786946519938,0.9910478200219464,0.8873779744622049,0.9906417504055736,0.887952008897033,0.9949148634152988,0.9070890747833754
280,-1,0.9983322748852648,0.9078188110275297,0.9913594952291693,0.8882901679915578,0.9909392098802337,0.889430266397986,0.9952535071505734,0.9078221585734886
281,-1,0.9982370790832024,0.907239316968073,0.9910819700305477,0.8876141883470002,0.9906606035442568,0.8886436997466495,0.9950183874582575,0.9072447416184485
282,-1,0.9983859492918741,0.9076038317684988,0.9911115622334897,0.8860590006823423,0.9906931047490597,0.8874563427881109,0.9952297466157791,0.9077090252489937
283,-1,0.9983483509127186,0.9082893288744515,0.9912344123485481,0.8872361112871666,0.9908430530378821,0.8885161355225045,0.9953793300365321,0.9083578479367611
284,-1,0.998242606162319,0.9076759410148175,0.991302384495962,0.885505564243966,0.9908822250061535,0.887016006238046,0.9950397741802236,0.9077672004903122
285,-1,0.9983803311028969,0.9080337900285156,0.9909771848214668,0.8867964714741304,0.9905433405112292,0.8879552584585023,0.9951014959334333,0.9081034823230253
286,-1,0.9983181657199482,0.9080671469785849,0.9914902213865955,0.8872203674091174,0.9910873703300597,0.8886175768030711,0.9952940895663973,0.908124246714075
287,-1,0.9982531477353644,0.9077427557407952,0.9914887173895364,0.8871182897397792,0.9910613754709187,0.8876039414883227,0.9951340523591462,0.9078348190380744
288,-1,0.9983957020488485,0.9080439026372665,0.9913150223125161,0.887489767385509,0.9909144329109851,0.8886934322473102,0.9953113399885858,0.9080713973637595
289,-1,0.9982487146611444,0.9082815891305055,0.9913585180301436,0.8887633622366198,0.9909273676227456,0.8896049896403797,0.9950533431826775,0.9083245560511686
290,-1,0.9983865226364388,0.9075656852596298,0.9912056938129236,0.8860329772726252,0.9908011494454972,0.8873156476062739,0.9953131133179524,0.9076628079916164
291,-1,0.9982951268424638,0.9072313807376277,0.9913177727993826,0.8882379884603087,0.9909181208619569,0.8891700419437261,0.9952856631699308,0.9072240098892218
292,-1,0.9984032065713284,0.9069291580781967,0.9911544015453698,0.8854204974744275,0.9907456823228958,0.8869443358502633,0.9951092070935121,0.9069526999894932
293,-1,0.9983575477301065,0.9078139556296064,0.9910206517578218,0.8841629453554003,0.9905925579761165,0.8856141415404962,0.9949563711503078,0.9079219286946719
294,-1,0.9983869823863154,0.90836863243127,0.9914314527839143,0.8873620343940098,0.9910240880502228,0.8880315849066855,0.9952808866557571,0.9084216795573818
295,-1,0.9982246626391015,0.9082002761164351,0.9911450256344086,0.8878524111838962,0.990780484990041,0.8888380833704618,0.9948339936503562,0.908217955027423
296,-1,0.9983618620806336,0.9081891870188705,0.9912012244172382,0.8886773236645539,0.9908019524311718,0.8893203165372826,0.9950841334735225,0.9082160119261321
297,-1,0.9983638086697909,0.9077167325892482,0.9912314932441374,0.8860258477685654,0.9908254375696964,0.8870795729457487,0.9949295123192989,0.9076693400343243
298,-1,0.998294260497551,0.9078556186730032,0.991345698682421,0.8886907202986678,0.9909796370026449,0.8895608481909592,0.9950379277410915,0.9077987478258986
299,-1,0.9983295650335836,0.9077034367745522,0.9913213492536197,0.8864339671518413,0.990883973827108,0.887277604013702,0.9949956592684619,0.9078093656553214
300,-1,0.9984185437704144,0.9081617913096889,0.9911208878355663,0.8878200547935493,0.990701850995096,0.8887986601965971,0.9949006022594177,0.9081685216450023
301,-1,0.9983670010239535,0.9084262073107054,0.9915213977508883,0.8863255557448159,0.9911447273012777,0.8877314725345138,0.9951574759462752,0.9084745626024817
302,-1,0.9983890988478812,0.90836511770455,0.9913001738363925,0.8879543234683845,0.9909250049582409,0.889220314681648,0.9952393114509973,0.9084176274650316
303,-1,0.9984532251431405,0.9074564715737445,0.9913268310881167,0.8859901088523942,0.9909021268038504,0.8873492049154869,0.9948992878543602,0.9074953529669042
304,-1,0.998058995086319,0.9068680718312788,0.9908963149486133,0.8862710684068688,0.9904903616272063,0.887122441365992,0.9947495872273214,0.906865491314999
305,-1,0.9983289374527778,0.9069594665999365,0.9909288347927855,0.8865775072476064,0.9904994735479041,0.8867215515248149,0.9948984898684393,0.9070860942915715
306,-1,0.998319946863885,0.9077404764074186,0.9915726557296297,0.8870825510759281,0.991167060805295,0.8883177301071296,0.9949130195795107,0.9077652568725931
307,-1,0.9984640009805834,0.9079333521541536,0.9912562143215636,0.8867871279418975,0.990848527164344,0.8879573010936544,0.9952606763743589,0.908017778660517
308,-1,0.9984750034876263,0.9085053431689789,0.9913502467520042,0.8876196459284271,0.9909107618534101,0.8889094159710274,0.9951741550185614,0.908564417374371
309,-1,0.9985354835930259,0.9081541272816064,0.9911479345409915,0.8882442885155247,0.9907339130213647,0.8887437054908237,0.9951498206104089,0.9082025494472402
310,-1,0.9984849950879789,0.9081238174672005,0.9911454338176929,0.887946152927774,0.9906985167269464,0.8888440458918139,0.9951696834243525,0.9081991671739551
311,-1,0.9983572809004816,0.9084015533578121,0.9913691445169086,0.8873899316715403,0.990951071722379,0.8888035848113717,0.9950248643622158,0.9084096230725888
312,-1,0.9986157041051127,0.9079908873971222,0.9912773311763597,0.8861648323468573,0.9908163617593811,0.8871581405918766,0.9953032468231939,0.908018767058425
313,-1,0.998590956400962,0.9082917032891457,0.9910074657369197,0.8864067031335614,0.9905780036049079,0.887817342086791,0.99525058327939,0.9083245228732147
314,-1,0.9984797704092032,0.9079774912740587,0.991256382524539,0.8845364024112111,0.9908265134659637,0.886176822734143,0.9952284533628827,0.9080827511099298
315,-1,0.9985922231402068,0.9084256997637856,0.9907962881743221,0.8867068160098033,0.9903269956911692,0.8873907339500038,0.9950285000371476,0.9084994122638493
316,-1,0.9981464818231601,0.9081120585506309,0.9916795581386374,0.8883747349717457,0.9913182823329186,0.8900626785134296,0.9949350768608132,0.9081134303334686
317,-1,0.9985557030054281,0.9079455460613481,0.9912116800000472,0.8848808947389056,0.9907948264246025,0.8866837461855139,0.9952475548601817,0.908036301348692
318,-1,0.9985144212324099,0.9081509412344746,0.9913146440732902,0.8861095722738873,0.9908951078562603,0.8871729097892848,0.9950450173440756,0.9081979270696837
319,-1,0.9982591677767643,0.9082083478982169,0.9914863136458462,0.8867807338560725,0.9910738015843027,0.8880708393131902,0.9948686635044812,0.9082306154921176
320,-1,0.998486959341043,0.9084244275151633,0.9914026712050883,0.8872099159800563,0.9909985193223854,0.8884102314941603,0.9951371849962943,0.908464614591933
321,-1,0.9986311893890254,0.9083941202841268,0.9911973696628011,0.8866434180697297,0.9907646792927746,0.8877302326827574,0.9952694677911839,0.9084049016779618
322,-1,0.9985481838549021,0.9083794513956988,0.9912006169598119,0.8854554939556439,0.9907611877140301,0.8865744601360401,0.9951714432594235,0.9084511521131082
323,-1,0.9984456928933542,0.9083714125333294,0.9915422282536692,0.8873069399584145,0.9911549270286534,0.8886713613960823,0.9951363903432026,0.9083968962519359
324,-1,0.9983899595757221,0.9082087120806901,0.9914130346321471,0.8866421450397096,0.9910017933797438,0.8883746984110986,0.9950303147601546,0.908220800193456
325,-1,0.9985398499086959,0.9081910655725987,0.9914306190772633,0.8861260525789731,0.9910206433810246,0.8871847677171119,0.9952266519060736,0.9082220739923679
326,-1,0.998458053441916,0.9081067676455553,0.9909693619538683,0.8860424576554422,0.9905121273317948,0.8868647266629663,0.995011824416484,0.9081711674849855
327,-1,0.9985608416575608,0.9081651756495972,0.9912182407937812,0.8849442200620601,0.9907700400710836,0.886292566095014,0.9951837937133954,0.9082053943549355
328,-1,0.9985827013929585,0.9084927837885584,0.9912563288069449,0.8870089702601657,0.9908296476120486,0.8878603434713885,0.9951195242046295,0.9085329690562176
329,-1,0.998521089217925,0.9080953143654914,0.990993599492739,0.8861520062507362,0.9905352029947396,0.887467531149392,0.9950546014771219,0.9081523461952216
330,-1,0.9986740276634437,0.9086250080195608,0.9913033780998189,0.8849408074890945,0.9908953526829395,0.8872236172229574,0.9953343903115386,0.9086519977822628
331,-1,0.9985099745591773,0.908268227993971,0.9913734650910776,0.8858037332622466,0.9909543825622101,0.887130678010166,0.9950321982459841,0.9083165511419563
332,-1,0.998388180564595,0.9083452564117229,0.9914997810686728,0.8872458537115833,0.9911241344356815,0.8886776920048249,0.9950290089626875,0.908326598686321
333,-1,0.9985387031317388,0.908427611237537,0.9915990122676971,0.8860456045530555,0.9911909579614273,0.8868634870632314,0.9950941675336882,0.9084371190906656
334,-1,0.9985908188948611,0.9087049479588435,0.9915056413425531,0.8860342173768962,0.9910678485443674,0.8873665543601208,0.995079764897481,0.9087184094036689
335,-1,0.9986299134730677,0.9084832401734054,0.9910736371057048,0.8855680567367363,0.9906296233377395,0.8870456773446774,0.9950357543232285,0.9085013548482952
336,-1,0.9987090752591813,0.908162494823363,0.991279528152305,0.8857677289224454,0.9908697858340177,0.8875491464116473,0.9952156370807974,0.9082515789508954
337,-1,0.9985007900694558,0.9079414244522533,0.99133913010185,0.8865761344315201,0.9909322890798585,0.8876170332605525,0.9949298660922455,0.9079441317411985
338,-1,0.9983966621944719,0.9083659878832622,0.9910857512040924,0.88405359557636,0.9906641487620266,0.8859100328000339,0.9947120958643868,0.9084032432024821
339,-1,0.998603837170791,0.9086588310109485,0.9915285547967599,0.8871696602278154,0.9911275049630642,0.8889868793541743,0.995239447855337,0.9086548097703421
340,-1,0.9984904464743556,0.9086867303906935,0.9913749960051609,0.8888542588147487,0.9909895665475882,0.8900275796215245,0.9949548580222385,0.9086546770585272
341,-1,0.9984925707457729,0.9084128091205265,0.991415815268405,0.8861636949064429,0.9910259574065002,0.8875806973936755,0.9948597071681424,0.9084216463794282
342,-1,0.9986043622948024,0.9084806259609528,0.9914476965503665,0.8864521844741494,0.9910261111748228,0.8882775077852092,0.9953067204827251,0.908534879237987
343,-1,0.9987111153930425,0.9083708430232803,0.9911098959304365,0.885960703421404,0.9906612440930305,0.8866512868787608,0.9951226308927833,0.9083956229697111
344,-1,0.9987217170206653,0.9085602685909959,0.9913485364288707,0.8860261795481029,0.9909356072432052,0.8878112812948552,0.9952534127282905,0.9085844455904468
345,-1,0.9985302793178986,0.9083606954282412,0.9915625363688704,0.8853490588281723,0.991116873371157,0.8877771531953523,0.9949980376989891,0.9083795473121243
346,-1,0.9986901762834214,0.9085844494671454,0.9914593310964253,0.885071150523402,0.9910043390166346,0.8870260174684027,0.9952306632707718,0.9086259743725457
347,-1,0.9985733790362239,0.9085714893669433,0.9912357638233089,0.885936861366634,0.990765055477839,0.8881017500188785,0.994895197382818,0.9086172003687788
348,-1,0.998620581036155,0.9083679970820818,0.9912698351171317,0.8859628818983674,0.9908405014124467,0.8874769744673454,0.9950150736629055,0.9083935474149974
349,-1,0.9985690608217811,0.9084562802288345,0.991297859016548,0.8851652964101667,0.9908826558913918,0.8870906913162502,0.9951513936777547,0.9085032979495862
350,-1,0.9986558501407583,0.9082139381797556,0.9912837095534218,0.8848043963935629,0.9908813576660933,0.8865040962082705,0.9951791365249373,0.9083198338813793
351,-1,0.9985887153419641,0.9086418864665298,0.9915774044767168,0.8871975603829159,0.9911921953103897,0.8888594478418446,0.9952080730361083,0.9086399742170267
352,-1,0.998673271677972,0.9085255377917404,0.9912925313218103,0.8845922301426185,0.9908718401598466,0.886643215619806,0.9951808466404547,0.9085804598540038
353,-1,0.9985777096324658,0.9085876990286286,0.9913129277800853,0.8849892667075445,0.9909039292602128,0.887027224647035,0.9948838625841211,0.9086085593352803
354,-1,0.9985723679791374,0.9084772444629079,0.9914150645421814,0.8847904297270358,0.9910143994336219,0.8861146620207371,0.994991137372794,0.9084752985190401
355,-1,0.9987636753469418,0.9074262978283585,0.9913106404639562,0.883486560810251,0.9908451343408289,0.8850124749991932,0.9952987533380767,0.907514711363914
356,-1,0.9986676219827865,0.9084256341830822,0.9914596104968454,0.8857689026708088,0.9910229128074519,0.8870228042148818,0.9951737203195522,0.9084451234831027
357,-1,0.9986382320864734,0.9081101494022261,0.9910929463270473,0.8840261329946495,0.9906556923428202,0.8853717994984663,0.9950811991655084,0.9082026487227637
358,-1,0.9986003809016781,0.9084806928336947,0.9913126535595941,0.8860879026880938,0.9909157732317256,0.8879975897714822,0.9951506158719092,0.9084686664258709
359,-1,0.9987389139324119,0.9080218328191597,0.9912617865359644,0.8845118184250866,0.9907934203112336,0.8860102036764029,0.9951571434240716,0.9080646999479945
360,-1,0.9986031120272179,0.9082895284588995,0.991263757641697,0.8854733797508391,0.9908223223135892,0.8869456757406873,0.9949655715627745,0.9082957203949993
361,-1,0.9986172547065856,0.9085394702466263,0.9914723868405447,0.8865519211590925,0.9910480079407176,0.8882623051550704,0.9952716136917504,0.908554304249348
362,-1,0.9986069577833443,0.9084791206914646,0.9912721500383027,0.8859598011046504,0.9908134507102057,0.8873811571629378,0.9951009847146808,0.9084912749011902
363,-1,0.9986464201439993,0.9082347684100658,0.9912400101460138,0.8860496895713242,0.9907824045322207,0.886913388331403,0.9949681814805155,0.9082059980764332
364,-1,0.9986818571256568,0.908468503120238,0.9913339605581157,0.8853508692176483,0.9908978487718795,0.8869250438091555,0.9950686114504924,0.9084883102239023
365,-1,0.9985588426691235,0.9083988748567243,0.9912931385626872,0.8863728445970261,0.9908310462244125,0.8872164812065357,0.9949647810015507,0.9084082831760596
366,-1,0.9986403759206178,0.9086111416622257,0.9911923392917537,0.8857815968109921,0.990751640165215,0.8879016729332134,0.9948481408557952,0.9086091625399855
367,-1,0.9986145822688529,0.9086587353541022,0.9913962556787621,0.8876002875314173,0.9909603172165169,0.8886425596817878,0.9949357369606137,0.9086561162305208
368,-1,0.9988076189128452,0.9084893683373056,0.9912789197924026,0.8848481007743236,0.9908062578088169,0.886584941865432,0.9951720959677851,0.9085188364999216
369,-1,0.9987031233970131,0.9086030714308091,0.9912351566477912,0.8851751083204894,0.9907690057108846,0.8866825693071545,0.9948819312901993,0.9085950963395971
370,-1,0.9987097652722917,0.9086004919468467,0.9914362738711111,0.8864502413728585,0.9910051646232481,0.8877707899142224,0.9951294629532895,0.9086159605229633
371,-1,0.9987053802031695,0.9085476407872531,0.9913586601429311,0.8846591783680318,0.9908999094527543,0.8859813682785982,0.9951667648350331,0.9085603652820204
372,-1,0.9986681414691202,0.9085106363993176,0.9914684695948437,0.8849000480599115,0.9910170370819991,0.8859718249219012,0.995077938335079,0.9085489125188623
373,-1,0.9986406915905514,0.9086785266721172,0.9914515780256291,0.8853606842579635,0.9910299913389158,0.886629119623661,0.995140881132165,0.9086500215030182
374,-1,0.9987071047474426,0.9084718529908214,0.9911987529760937,0.8845220681604012,0.9907670621740549,0.8857957954712433,0.995087032193497,0.9084297508225315
375,-1,0.9987308086178417,0.9083089532118667,0.9911509696599742,0.8841492138130452,0.9907401079967029,0.8855253905142112,0.9951535554896314,0.9083365796164082
376,-1,0.9986954415970709,0.9086380362849718,0.991316244925972,0.8847050612257145,0.9908909986024771,0.8860202838883229,0.9951367161977744,0.9086868949880836
377,-1,0.998737475898482,0.9086647958698147,0.9911341891994727,0.8855130986472298,0.9906938723769766,0.8868172692953887,0.9950296805702957,0.9086815364355533
378,-1,0.9986123898612754,0.9084218348305727,0.991366016260469,0.8835142590189567,0.9909376494419141,0.8848793165951062,0.9949278745204645,0.9084698733521881
379,-1,0.998623129324494,0.9086532412465934,0.9914122730787154,0.8852229008498687,0.9909872713525792,0.8860705568782731,0.9950916047551065,0.9086667669796709
380,-1,0.9986513782429076,0.9085863920515502,0.9913974373342221,0.8862076346632745,0.9909846963138147,0.8872995055927797,0.995003821412826,0.9086099321513668
381,-1,0.9987507095413107,0.9081430376674108,0.9913019669352582,0.8840992096287631,0.9908292671008123,0.8853145968278763,0.9951654387513604,0.9081664784931935
382,-1,0.9986789103034103,0.9087396479064412,0.9912617387244166,0.885827110573653,0.9908148018459028,0.8867595321438716,0.9949997915310719,0.9087531738976939
383,-1,0.998769153428647,0.9083839739810212,0.9914171780081501,0.8840861849678795,0.9909541318646424,0.8850872629924682,0.9950841449332332,0.9083894950642548
384,-1,0.9986897972321515,0.9086471472944617,0.9912027588390442,0.8851244042691687,0.9907425906666636,0.8861405529707016,0.9950083700899678,0.9086561164889876
385,-1,0.9986841326749909,0.9084544040002653,0.9912817199080182,0.884365028264148,0.990830454640868,0.8854575039165792,0.994853654876755,0.9084719496821232
386,-1,0.9987130785180673,0.9086225617643392,0.9913585759705461,0.8860456045530555,0.9908960717280945,0.8867797259974777,0.9949693180847765,0.908615927086554
387,-1,0.9988449418882774,0.9086968772105637,0.9913648837086296,0.8843911514592911,0.9909205594888917,0.8859782882409247,0.9952292965536045,0.9087197158638474
388,-1,0.998805785642391,0.9086647637257382,0.9912682656129397,0.8849002468759243,0.9908180109982458,0.8864609252999627,0.9951861129100794,0.9086929565376343
389,-1,0.9988239204114044,0.9086688453774825,0.9912576233559843,0.884262980893484,0.9907984559359668,0.8851468066481605,0.9950816649606737,0.9086614747830497
390,-1,0.9987033170349865,0.9087311725042267,0.9913122013659931,0.8859345470478608,0.9908845929416693,0.8865688659556519,0.9951570382146648,0.9087399099696919
391,-1,0.9986955485843714,0.9086359599549317,0.9911580007356114,0.8853502989324433,0.9906711107654198,0.8858295879041734,0.9949154228259626,0.9086594324063655
392,-1,0.9987002724724521,0.9085406110754728,0.9912177789172318,0.8851552159462184,0.9907405849080705,0.8857755345055625,0.9949299637353901,0.9085656243006884
393,-1,0.9988368677246438,0.9086259124104302,0.9910270284296331,0.885043923569106,0.990536565671591,0.8852766525167582,0.9949122766659889,0.9086453991254629
394,-1,0.9987526346604161,0.908712450489777,0.9914873091547639,0.8849773424244346,0.991025693282365,0.8855802130137911,0.9950388564603478,0.908730466146859
395,-1,0.9988465682585338,0.9086795956605246,0.9912554393803846,0.8845835222431345,0.9907823671915902,0.8851207173860806,0.9951643142534018,0.9087050462003005
396,-1,0.9987592913527134,0.908751132813505,0.9915603652657304,0.8859886696804007,0.9911140826570637,0.8868058494455593,0.995127612244973,0.9087538766362192
397,-1,0.9986898465056225,0.9087289971572516,0.9913977949636056,0.8858908099928324,0.9909258198472071,0.8866949277819273,0.9949939956613058,0.908746508626492
398,-1,0.9988043388425415,0.9085000183112336,0.9912165646127348,0.8840743931453632,0.990757775990563,0.8853075308015497,0.9951025472081433,0.9085228224947937
399,-1,0.998637782974996,0.9085601718999705,0.9913916574185189,0.8840481043120161,0.9909449609337452,0.8852303352155054,0.995046947886608,0.9085891345823575
400,-1,0.9988069437333157,0.9087378033050442,0.9914642159128968,0.8870369707060877,0.9910206666978514,0.88787022461506,0.9951449264086388,0.9087358252163671
401,-1,0.9986753347200716,0.9085668340698626,0.9914240961215206,0.8838805500116274,0.9909531965702004,0.8851077248966499,0.9949760799611086,0.9086138180954945
402,-1,0.9988249755011117,0.908688907546998,0.9913036040274891,0.8845238419903263,0.9908474177439655,0.8856538270071007,0.9950696740662548,0.9087033553221389
403,-1,0.9987776527393022,0.9087718323996874,0.9912497070465855,0.884777504348732,0.9908083194099657,0.8858820691670168,0.9950715381782502,0.9087712924489376
404,-1,0.9987975317615101,0.9086908827923426,0.9912955010308788,0.8869126853343827,0.9908382861120754,0.8875104654206508,0.9949995834177985,0.9086728287876915
405,-1,0.9987679813270645,0.9087117132808701,0.9912497950657738,0.8845090732961104,0.9907659381424752,0.8852171047239481,0.9950222161348361,0.9087063858384328
406,-1,0.9987461295888387,0.9087772907445991,0.9913248076207567,0.8857220155881245,0.9908946801243789,0.8864608923741625,0.9949852190140978,0.9087780564785067
407,-1,0.9988230801575979,0.9085850845575799,0.9912980929883615,0.8840871197076194,0.9908681459683566,0.8855734816451744,0.9949562383827824,0.9086011910670996
408,-1,0.9988180166044794,0.9087834526035431,0.9913868071912963,0.8862594424728782,0.990972583765551,0.8873040255588716,0.9951933584683784,0.9087834487259957
409,-1,0.9987215416725554,0.9085413493179226,0.9912763226708747,0.8826694839621451,0.9908302337901017,0.8839275042050284,0.9949405851246705,0.908577044402766
410,-1,0.9987796925891477,0.9087114825860896,0.991161744378172,0.8848503153075408,0.9907018731025774,0.8857895014240522,0.9949815777859794,0.9087170034096291
411,-1,0.9987647863119562,0.9086553831571478,0.9911537251860588,0.8844601096451664,0.9906913275839966,0.8854725743418348,0.995012146019981,0.9086816027914609
412,-1,0.9987972052675385,0.9085858570118727,0.9913448461533717,0.8844301336769514,0.990924330680301,0.8857530595108506,0.9950177257473544,0.9085804930319575
413,-1,0.9988928783789929,0.9087378048559852,0.9913072865067217,0.8846055264868354,0.9908460520851663,0.8851785577050485,0.9951432576934561,0.9087431927091151
414,-1,0.9987772310711123,0.9086526709613864,0.991268536222972,0.8858533003771004,0.990817500279743,0.8866617714859347,0.9951162027153672,0.9086487482207934
415,-1,0.9987678601833415,0.908682815662693,0.9913616158579798,0.8841506198070849,0.990910722308562,0.8858519939169212,0.9950049981714484,0.9086882343677403
416,-1,0.9986634415125899,0.9087570313167491,0.9913219349484844,0.8840814628049835,0.9909059824938091,0.8855148763625218,0.9949040100560299,0.9087725983921165
417,-1,0.998738405211066,0.9087344881631265,0.9914555610846411,0.8853169080166553,0.9910294496054557,0.8865945876337971,0.9950364838258555,0.9087425560680027
418,-1,0.9988283538902437,0.9087533117794007,0.9912587630962341,0.8849713806604769,0.9907918944679339,0.8861462101248158,0.9950761894884554,0.9087526033539943
419,-1,0.9987815233601748,0.9086855270830284,0.9911868627577335,0.8856972657125614,0.9907519661745944,0.8868105376745188,0.9948546344394942,0.9086768477020892
420,-1,0.9987852842321273,0.9086835165919197,0.9911385266171188,0.884951789766061,0.9906823427255543,0.8860067884771883,0.9949381700576562,0.9086809327139205
421,-1,0.9988310081628766,0.908744636533967,0.9913085792724309,0.8857028560068938,0.9908691472588539,0.8865802863099205,0.995051608860592,0.9087546794255953
422,-1,0.9987665426291448,0.9087210928157001,0.9913688445093428,0.8856055666044492,0.990943039286442,0.8868300292878606,0.9950669110921896,0.9087137541066433
423,-1,0.9987288458053599,0.9087478853199737,0.9913322143501849,0.8850563147183281,0.990865494011342,0.886044934481954,0.9949886065444999,0.908740480254897
424,-1,0.998718947665734,0.908756932041383,0.9913360323843774,0.8874312277031273,0.990872334903572,0.8878116851852161,0.994869766962406,0.9087564563786222
425,-1,0.9988818112647952,0.9086179738570036,0.990907407461334,0.8863491318718296,0.9904265319659116,0.8871314810457358,0.9950262310109985,0.908637427652577
426,-1,0.9988405725360006,0.9087056867186286,0.9911805759765271,0.8850650555441413,0.9907209766358354,0.8857442520771777,0.9951128367446439,0.9086755080639568
427,-1,0.9988364239548551,0.9087418232534163,0.9910263368526637,0.885053635693817,0.990567612360197,0.8859652262650993,0.9949356255706646,0.9087552162743514
428,-1,0.998798576326343,0.9087639622701171,0.9912303008648359,0.8857891302065697,0.9907776775802443,0.8863424341854083,0.9949685102595853,0.9087612451629401
429,-1,0.9988590532727939,0.908753915242563,0.9912359863609259,0.8850673672364332,0.9907919289642609,0.8859659292621194,0.9950304617682816,0.9087652969967949
430,-1,0.998780092583629,0.9087699574637923,0.9913607733748104,0.8859578582553702,0.9908962650789446,0.886141388427474,0.9949768422594173,0.9087766510014695
431,-1,0.9987730538994177,0.9085128125215719,0.9912751065797935,0.8836741770074447,0.9908209132944716,0.8844702562134348,0.9950385953505944,0.9085168273011508
432,-1,0.9988400078943519,0.9087585378786418,0.991208826228421,0.8835505285310827,0.9907441041681704,0.8846610882913689,0.9950505231677369,0.9087639573586623
433,-1,0.9988501162183046,0.9087765864550706,0.9912400330690241,0.8865371519616843,0.990815016704382,0.887139319302118,0.9948393875173899,0.9087718953950966
434,-1,0.9988431721747372,0.9087678826846698,0.9910914033919702,0.8845276947633517,0.9906511519539762,0.8853114162486553,0.9949595694786582,0.9087753440242884
435,-1,0.9988321215261176,0.9087733723980492,0.9912776704212767,0.8853477523679938,0.9908407719842385,0.8857868190177913,0.9949606866783555,0.9087740043861563
436,-1,0.9989255393731983,0.9087826845431267,0.9911299486779174,0.8844206898541158,0.9906878982085844,0.8852137885547715,0.9950802544860886,0.9087807025768173
437,-1,0.9988150544914614,0.9086896115779264,0.9912614194402677,0.8861374358689849,0.9908215351035766,0.8864743885415071,0.994987329086235,0.9087043434617613
438,-1,0.9987078712637271,0.9087672460435529,0.9912649170472101,0.8867561164403951,0.9908392481956931,0.8872887553097681,0.9948513007391726,0.9087720283654116
439,-1,0.998899841905461,0.9086989548330268,0.9913524493632522,0.8861474499770228,0.9909092514835466,0.8863477258777898,0.9951126779396352,0.9086996212918641
440,-1,0.9989324441910629,0.9087598769997897,0.9911142479379065,0.8856095852669357,0.9906777195406727,0.8856383877386981,0.9949842543576604,0.9087539429921266
441,-1,0.9988088070572184,0.9087698900738872,0.9912819429685458,0.8851205514963119,0.9908483362034216,0.8851681086500329,0.9951001243056556,0.90877333456709
442,-1,0.9988280663616661,0.908651397679157,0.9911531650026982,0.8856223452590606,0.9906927992851423,0.8856417700119833,0.9949437168487364,0.9086614418635642
443,-1,0.9988571770226788,0.9086667713736606,0.9912286709180984,0.8856189295559075,0.9907923697706369,0.8861175771767851,0.995009997305939,0.9086735647041931
444,-1,0.998774285634484,0.9087799697623719,0.9913316239989886,0.8858540360481124,0.9908979140663097,0.8864294108780464,0.9949872052366837,0.9087793297607313
445,-1,0.9988128381308723,0.9087436377787684,0.9913459399121299,0.8849469353945525,0.9909064844507535,0.8855103195852195,0.9949336755911488,0.9087471120896504
446,-1,0.9986778520491554,0.9087764576207729,0.9914721176270034,0.8857807271683227,0.9910501962757966,0.8861492276926746,0.9949727260874868,0.9087806030429562
447,-1,0.9988514058940907,0.9087003273906382,0.9911703452120626,0.8859016595577138,0.9907109392249135,0.8858172291774301,0.994861504854298,0.9087003574668377
448,-1,0.9989175528855012,0.9086601745261056,0.9912102506154553,0.8854448763844446,0.9907537798975649,0.8857476346024127,0.9950023150197985,0.9086674699766908
449,-1,0.9988742338049161,0.9086647981960394,0.9911567547894654,0.8847676227008343,0.9907122990157952,0.8853389783642268,0.9949890287541784,0.9086776167965438
450,-1,0.9986284618213717,0.9086920277568669,0.9912889618519221,0.8851222950263357,0.9908466673012783,0.8856207399453834,0.9946943895460858,0.9086928899232493
451,-1,0.9988934130593345,0.9087785997898007,0.9911926909596135,0.8840109962126679,0.9907375092128691,0.8845535494049154,0.9950549694244568,0.9087800327577511
452,-1,0.9988935202180426,0.9087800723982601,0.9912791630377673,0.8853745451306383,0.9908301329055211,0.8855406934369875,0.9949626676254004,0.9087841180280553
453,-1,0.9987767286337119,0.9087626231489716,0.9914588452062062,0.8874657205074759,0.9910215257153027,0.8870845934587503,0.9948761330087871,0.9087606080048339
454,-1,0.9988698506630979,0.9087150641855943,0.9912970279774813,0.8835975153995851,0.9908509732464582,0.8840168218836314,0.9951225486534127,0.9087398767917382
455,-1,0.998921485386454,0.9087740098146663,0.991281179302881,0.8854019081784876,0.9908459155333635,0.8856862800538718,0.9950863787878644,0.9087787262975726
456,-1,0.9988824725922633,0.9087231349338897,0.9911044846200469,0.884708075411513,0.9906478247494424,0.8845918296320434,0.9949541522209538,0.9087345519341417
457,-1,0.9988662077282873,0.9087805752935517,0.9911431658434163,0.8852712607862725,0.9906934018963326,0.8853573325363168,0.9950121600513607,0.9087833818530818
458,-1,0.9989088462423404,0.9087800368937862,0.9912180833449311,0.8842231261559936,0.9907615635787604,0.8842144187596488,0.995027694477966,0.9087813394764324
459,-1,0.9988669934618581,0.9087734045420018,0.991269164795361,0.885029654919245,0.9908239587491587,0.8849335361349498,0.9950908970010207,0.908776080199262
460,-1,0.9988057937186636,0.9087130231013323,0.9911061019663668,0.8842517956640215,0.9906291324825943,0.8841372897816703,0.9948257098086355,0.9087197822197549
461,-1,0.9988746463358804,0.9087043136440562,0.991374627162966,0.886268654302134,0.9909434641018624,0.8859933584138634,0.9951180410550114,0.9087077589130004
462,-1,0.9988455873021056,0.9086922561253864,0.9912782695470826,0.8852344868417183,0.9908067846837991,0.884766316743999,0.9948472764762848,0.9086983480096393
463,-1,0.9989283047473557,0.9085342194977795,0.9911860782857129,0.8846725415714004,0.9907301693080727,0.884378458074985,0.9951230628263263,0.9086079556136683
464,-1,0.998924026896121,0.9087600086776193,0.9911781610792757,0.8850403385946026,0.9907254072961003,0.8848373504913092,0.9949968544334747,0.9087707216467331
465,-1,0.9989111482126645,0.9087332195336972,0.9911991644796878,0.8860685442910785,0.9907493834469433,0.8857118656382731,0.9950350606721549,0.9087392404091166
466,-1,0.9988788995030708,0.9087579670764416,0.9913045206314437,0.884701343791243,0.9908741738739304,0.8848889263077078,0.994961477802558,0.9087773866594405
467,-1,0.9988830770778497,0.9087417918849018,0.9912390831342588,0.8845827194606339,0.9907923346284144,0.8845013366956976,0.9949620723755688,0.9087626508984835
468,-1,0.9988994886757242,0.9087712322970225,0.9911872559592628,0.8847109237075423,0.9907304152638928,0.8845069635502559,0.9949357950650362,0.9087765841285596
469,-1,0.998877607318472,0.9087337530221066,0.9912406477122576,0.8851065179703327,0.9907900264753985,0.8849571485703158,0.9949417874359171,0.9087264804104161
470,-1,0.9988987420157222,0.908698285530916,0.9911730751689608,0.8850254701150785,0.9907215498843656,0.8849351106453156,0.9950791127231734,0.9087097017558095
471,-1,0.9988990164618256,0.908635357008692,0.9910728142066924,0.8830770659850689,0.9906037477255158,0.8833918809462306,0.9948909590935929,0.9086802297169008
472,-1,0.9989254494302842,0.9087686831475644,0.9911704408161692,0.8861374358689849,0.9907089545445247,0.8858433855509401,0.9950228163303468,0.9087693488306473
473,-1,0.9988319578505861,0.9087445038221513,0.9913460651191863,0.8849860168943401,0.9909057593945594,0.8849946916159824,0.9949641063060013,0.9087659665573629
474,-1,0.9988231793998402,0.9087277604133114,0.9912235629613492,0.8844286942533822,0.9907664706843611,0.8846678199116272,0.9949066154004658,0.90875062707475
475,-1,0.9988967153977106,0.9087806071789938,0.9912564128876767,0.8846214362546535,0.9908102478377953,0.8849564787512495,0.9950519025247516,0.9087806693988637
476,-1,0.9988990262033486,0.9087746459387812,0.9912186737838913,0.8837836919220632,0.9907638782064675,0.8843168676472953,0.9950339843164675,0.9087753111048356
477,-1,0.9988630170419106,0.9087819815461025,0.9912561734153853,0.8853017704799279,0.9908394921695636,0.8858339751580333,0.9950035244946941,0.9087833818530818
478,-1,0.9989146498613631,0.9087833859891321,0.9912405115103666,0.884887553743328,0.9907969927735363,0.885250628855217,0.9949248153510942,0.9087833821115849
479,-1,0.9989116059060567,0.9087673116239653,0.9912276941607652,0.8843805007101377,0.9908007625764338,0.8847602878690608,0.9949511955612473,0.9087615964029531
480,-1,0.9989215662803863,0.9087819799950861,0.9912304570576966,0.8850509229878455,0.9907943211966124,0.8854588762289293,0.9950431101913692,0.9087840848501015
481,-1,0.9989049871274198,0.9087820144655537,0.9910698035523847,0.8851788586812614,0.9906209242365395,0.885229128540991,0.9949051096116875,0.9087792965827777
482,-1,0.9988770471210028,0.908777291261602,0.9912676998521994,0.885314161880827,0.9908176417285849,0.885325548804951,0.9949783801526175,0.9087692824747398
483,-1,0.9989005196400591,0.9087471841324006,0.9912826148726186,0.8851138862318304,0.9908487531502721,0.885400602222013,0.994998591846844,0.9087123818075228
484,-1,0.9988931575012993,0.9087441194041777,0.9912645948356598,0.8842370933255628,0.9908237170375696,0.8846741336774718,0.9949644235803143,0.9086949657363552
485,-1,0.9989104338700397,0.9087430335401298,0.9913024705887932,0.8851646595172693,0.9908587538107532,0.8851147914265685,0.9950310217509043,0.9087042768473731
486,-1,0.9989399586937885,0.9087692881617206,0.9912806141080718,0.8847749907105614,0.990835772156503,0.884941105838957,0.9950068881017482,0.90875059415529
487,-1,0.9989009862972945,0.9087752185504967,0.9911890093171535,0.8845177138332674,0.9907389424186631,0.8846978951620513,0.9949547859751955,0.9087699859887584
488,-1,0.9988807677780639,0.9087807409248189,0.9913717260058376,0.8848875866695757,0.9909257461140563,0.8851340800859044,0.99491286956651,0.9087713582878455
489,-1,0.9989287749527795,0.9087752820628953,0.9913254612936043,0.8846771307710019,0.9908840033745754,0.885046838221044,0.9950647158414062,0.9087693156526935
490,-1,0.9989505815299842,0.908778061907041,0.9910492710242818,0.8838379806957948,0.9905862525729542,0.8841815973738948,0.9949357977557765,0.9087767500183281
491,-1,0.9989254317582421,0.9087472162763832,0.9912115096221514,0.8846243145986404,0.990756799707478,0.8849602954679292,0.9950145230737704,0.9086970083715072
492,-1,0.9989801531762309,0.9087405180856878,0.9911177616104252,0.8835533073412092,0.9906757883261714,0.8842412115223007,0.9949836600834894,0.9086882343677403
493,-1,0.9989727533705574,0.9087766893494479,0.9910898675871778,0.8844100056754385,0.9906393545633051,0.8850751362598461,0.995000805011906,0.9087699854717595
494,-1,0.9989043484616985,0.908782080562959,0.9911757519859538,0.8842646551896214,0.9907274159483108,0.8846732445684201,0.9948609435526381,0.9087794295530945
495,-1,0.9988422971102057,0.908780675085916,0.9912721290179045,0.8846530841438079,0.9908430438584888,0.8852016988854232,0.9948904634478628,0.9087800661942071
496,-1,0.9989426044337419,0.9087652705397891,0.9911402639634544,0.8844339867015807,0.9907069392848992,0.8851513960995432,0.9949444041501236,0.9087679428366074
497,-1,0.9989521070149575,0.9087840910541821,0.9912277984469643,0.8845077992590907,0.9907945321164503,0.8847945152490195,0.9950359209634834,0.9087834489844987
498,-1,0.9989327127200363,0.9087156694581425,0.9912514935633626,0.8847964249206769,0.9908258562565673,0.8848935486852632,0.9949609966796535,0.9087143907477558
499,-1,0.9989292301173911,0.9087827182380867,0.9912420034412868,0.8853022046714983,0.990810429675305,0.8853899512210078,0.9949699202461235,0.9087827452119692
500,-1,0.9988620039631049,0.9087826832506121,0.9912889400418547,0.8857032938322218,0.9908529323786428,0.8855124615023496,0.9948837219825777,0.908783030613075
501,-1,0.9989042495236851,0.90878137808294,0.9912073161658506,0.8849927482629549,0.9907658563174871,0.8850362865022523,0.994952802010297,0.908782679373068
502,-1,0.998910465917679,0.9087833888326667,0.991154168393899,0.8844086328593526,0.9907072852256137,0.8844454734111493,0.9949354349924686,0.9087840848501015
503,-1,0.9988884226515999,0.9087772933296134,0.9912175788114133,0.8849019053380329,0.9907712000402586,0.884770268799145,0.994802841642372,0.9087740046446567
504,-1,0.9989487452144337,0.9087814110023915,0.9912922076840325,0.8850932211228716,0.9908462657023658,0.8848085480197746,0.9950263926603954,0.9087834482089894
505,-1,0.9989042197655187,0.9087800039743348,0.9912419442860283,0.8851872814383123,0.9908020864917182,0.8852646616258424,0.9949534593304433,0.9087840848501015
506,-1,0.9989532015785374,0.9087827174625779,0.9912184583745333,0.8852371990441318,0.9907901404117947,0.8851966752424261,0.9949873382056655,0.9087833821115849
507,-1,0.9989308810943384,0.908784793792703,0.9912446275760761,0.8848273695612221,0.99080152613833,0.8849177951351728,0.9948970890623224,0.9087847878471215
508,-1,0.9989370318202604,0.9087819815461025,0.99118677832263,0.884846594994728,0.9907544585534981,0.88501743203454,0.994956158699832,0.9087833818530818
509,-1,0.9989448687470082,0.9087826858356415,0.9911909515270555,0.8845385445802244,0.9907514264309834,0.8848768039637191,0.9948726520544293,0.9087833818530818
510,-1,0.9989750477262983,0.908784091829692,0.9912712141580562,0.8843417173086491,0.9908326672477301,0.8847174858047372,0.9949830684543672,0.9087847878471215
511,-1,0.9989392336311662,0.9087833867646417,0.9913279125026176,0.8854387816569401,0.9909045275437154,0.8856866478894254,0.9949874686341544,0.9087840848501015
512,-1,0.9989741329219787,0.9087806756029208,0.9912578520076405,0.8842987498576337,0.990823418185372,0.8846082060147266,0.9950213949766761,0.9087826788560619
513,-1,0.9989461638868234,0.9087806740519065,0.9913148459191847,0.8847341654288072,0.9908822659158323,0.8850218192881676,0.9949516470615253,0.9087833818530818
514,-1,0.9989845243015406,0.9087826848016297,0.9911745465129366,0.8844669073696907,0.9907311457561793,0.8845689891762402,0.995012349440121,0.9087840848501015
515,-1,0.998963396383467,0.9087826853186355,0.9912791661927196,0.8856698031308353,0.9908620031109993,0.8855928068642359,0.9950532349677459,0.908782679114565
516,-1,0.9989472564709628,0.9087840933807121,0.9912956042956548,0.8847763967046012,0.9908716114050552,0.8850805282420913,0.9950224731687718,0.9087833818530818
517,-1,0.9989433982808321,0.9087847925001853,0.9912832092951251,0.8850108665556938,0.9908611382683047,0.8853036109173623,0.9949450019140984,0.9087847878471215
518,-1,0.9989507774627026,0.9087800392203059,0.9912290527754355,0.8840408358361502,0.9908041647849972,0.884269980564198,0.994973192971023,0.9087827452119692
519,-1,0.998942620756538,0.9087840907956787,0.9912099970906717,0.8844538132231091,0.990783578586258,0.8845901875074653,0.9949187702319493,0.9087847878471215
520,-1,0.9989379279551851,0.9087826845431267,0.9911440976714764,0.8839551656030364,0.9907046322354666,0.8842210503428878,0.9949099604380175,0.9087833818530818
521,-1,0.998994579807369,0.9087840938977187,0.9912473141551487,0.8849210781263123,0.9908117634594588,0.8851883688600047,0.9949929694449074,0.9087840848501015
522,-1,0.998934455178264,0.908781982063108,0.9911308810821693,0.8849812949829237,0.9906909619220114,0.885046937503154,0.9948474146327236,0.9087833818530818
523,-1,0.9989877540636711,0.9087819843896328,0.991236801904367,0.8846015075724388,0.9908058502367235,0.8846771976302018,0.9950067426349817,0.9087827120340155
524,-1,0.9990073967215085,0.9087847968947456,0.9911203752812356,0.8840698039457617,0.9906914534988421,0.8840717804764802,0.9949363099223901,0.9087834152895387
525,-1,0.9989638231795148,0.908782688937677,0.9912143899890093,0.8848858460177085,0.9907938459007302,0.8848105245507032,0.9950141607995334,0.9087833821115849
526,-1,0.9989132086776089,0.9087833898666795,0.9912767765218183,0.8848480341667212,0.9908527734928375,0.8849464975694395,0.9949065692867493,0.9087833818530818
527,-1,0.9989465730899598,0.9087826848016297,0.9912742307682296,0.8845663757526511,0.9908415172185273,0.8844420906347045,0.9949933136479424,0.9087827120340155
528,-1,0.9989755672407865,0.9087827830429769,0.9911773913274162,0.8840292803951858,0.9907368299594694,0.8840302514429074,0.995021995665346,0.9087847878471215
529,-1,0.9989324465575102,0.9087819833556218,0.9911964029629294,0.8848339021138071,0.9907633572546598,0.8845572331581679,0.994943126391691,0.9087826788560619
530,-1,0.998948527712625,0.9087847945682137,0.9912434856275705,0.8854743484233617,0.99081654562161,0.8852647282335631,0.9948929892521889,0.908784788105625
531,-1,0.9989855152271283,0.9087819805120917,0.9912277985867674,0.884945761394466,0.9908049066099693,0.8848439823260646,0.9949866193458188,0.9087833818530818
532,-1,0.9989606709706967,0.9087833883156604,0.9911723670428148,0.884682588857392,0.990737272119713,0.8845935360995529,0.9949108407427876,0.9087833821115849
533,-1,0.9989756830245019,0.9087833867646417,0.991219341993458,0.8848722140090088,0.9908020503357166,0.8849170257822453,0.9949728535576053,0.9087840848501015
534,-1,0.9989463703516784,0.9087833877986542,0.9912200939716994,0.8848540625383164,0.9907908865669057,0.8847187922649157,0.9949755322339425,0.9087840848501015
535,-1,0.9989830098974174,0.9087833880571574,0.9912595994993196,0.8845572997656876,0.9908356878749134,0.88455997879034,0.9949702933572383,0.9087833818530818
536,-1,0.9990137892010748,0.9087833846966165,0.9912237283309047,0.8848092185938916,0.9908002378484726,0.8848165531739859,0.9950207283967296,0.9087847878471215
537,-1,0.9989879500945376,0.9087826863526475,0.9911953352948146,0.8845207614486204,0.9907766436443282,0.8844736053087654,0.9949744466773237,0.9087840848501015
538,-1,0.9989808861308488,0.9087806426834688,0.9912601160464088,0.8842739663006421,0.990830243897195,0.8843925240238122,0.994959073089874,0.9087820424734523
539,-1,0.9989723383751518,0.9087833903836857,0.9912381960033136,0.8846243148502715,0.9908170016028021,0.8847368776313639,0.995031708802117,0.9087847878471215
540,-1,0.9989935668661925,0.9087826850601327,0.9911506164312109,0.8846416969680415,0.9907209625658883,0.8848480009887676,0.9949704993214926,0.9087833823700882
541,-1,0.9989866667909701,0.9087833872816479,0.9911787445018861,0.8847305143502339,0.9907591243716402,0.8849432148300167,0.9949648143736958,0.9087840851086051
542,-1,0.9990122177870234,0.9087826845431267,0.9912046336110196,0.8838469898238286,0.9907789236859106,0.8840315581545484,0.9950436428104341,0.9087840851086051
543,-1,0.9989582467603321,0.9087833885741636,0.9913009913843176,0.8849176292454041,0.9908876171468209,0.8849856490585873,0.9950606346536778,0.9087833821115849
544,-1,0.9989730628182995,0.9087833885741636,0.9911708671952307,0.8839290424080172,0.9907385833265056,0.8838969242707976,0.9948966384019808,0.9087833818530818
545,-1,0.9990014559103746,0.9087827542595731,0.991227197919725,0.8847435755703619,0.9908127887737779,0.8847161461666049,0.9949844601848652,0.9087840851086051
546,-1,0.9989758773267262,0.9087826868696535,0.9911719427990636,0.8842619424838744,0.990746498517348,0.8844397799490841,0.9949436300256373,0.9087833818530818
547,-1,0.9990015149604428,0.9087833888326667,0.9912107304671857,0.8844515015311657,0.9907827061398422,0.8845781307642684,0.9949844713128697,0.9087833818530818
548,-1,0.9990023959525272,0.9087847963777386,0.9912118243568503,0.8845078324370446,0.9907830573776857,0.8845841586326273,0.9950131479220826,0.9087847878471215
549,-1,0.9989959163987971,0.9087833896081763,0.9912358904928454,0.8846162772731047,0.9908074218562964,0.8847589816605518,0.9949645478742397,0.9087833821115849
550,-1,0.9990211754049276,0.9087826860941447,0.9911858189951981,0.8848125337562176,0.990762670530254,0.8848687988094716,0.994984944233973,0.9087833821115849
551,-1,0.9990100502071206,0.9087819812875999,0.9912494055383397,0.8853845260607224,0.9908230047204455,0.885429404190012,0.9950003349149719,0.9087826788560619
552,-1,0.9989876645747633,0.9087833872816479,0.9912537878843085,0.8846665134514484,0.9908308592168038,0.8846966228864332,0.9950170782888753,0.9087833818530818
553,-1,0.9990095264228994,0.9087833883156604,0.9911450921248083,0.8847985014888248,0.9907090746711904,0.884775057066469,0.9949482936366202,0.9087833818530818
554,-1,0.9989780329223303,0.9087840913126853,0.9911482161991417,0.8847851043524606,0.9907083113682031,0.884694311446002,0.99489955784183,0.9087833818530818
555,-1,0.9990231574222063,0.9087840944147256,0.9911293339750321,0.8844990916112312,0.9906962027888381,0.8845165069069502,0.9950354902792249,0.9087840851086051
556,-1,0.9990029767001886,0.9087840902786719,0.9912114290958771,0.8853243421304638,0.9907874476808768,0.8852473126860309,0.9949824746762872,0.9087840848501015
557,-1,0.9990229225976353,0.9087840887276518,0.9911456491368491,0.8843792276794742,0.990708765717707,0.8844274541491112,0.9950443172594335,0.9087840848501015
558,-1,0.99901439123003,0.9087833885741636,0.9912368158723752,0.88519098152857,0.9908089291468488,0.8852117793493716,0.995016192414584,0.9087833821115849
559,-1,0.9990117056221314,0.9087826829921091,0.9912551290085947,0.8850616732708569,0.990825715361813,0.8850677350721631,0.9949268763682075,0.9087826788560619
560,-1,0.9990238400952994,0.9087833888326667,0.9912300626385699,0.8847174528784411,0.9907952380210752,0.8846719051819326,0.9949500104685643,0.9087840848501015
561,-1,0.9990112340073388,0.9087840900201686,0.9911914829753716,0.884689320729306,0.9907531584364397,0.8847134337123868,0.9949327542005617,0.9087840851086051
562,-1,0.9990135544706931,0.9087833906421888,0.991232225211468,0.8847830619689848,0.9908013694765089,0.8848741239323459,0.9949743647959762,0.9087840848501015
563,-1,0.998989473133845,0.9087819843896328,0.9912714095134086,0.8849364171054942,0.9908427531455141,0.8850044039924437,0.9949908092424042,0.908782679114565
564,-1,0.9990229173228441,0.9087840905371751,0.9912445739113516,0.8852332135594931,0.9908176265933396,0.8852399114983499,0.9950176391226115,0.9087840848501015
565,-1,0.9990155653372335,0.9087847930171925,0.9912287723822166,0.8847482979851112,0.9907946496461905,0.8846753206331718,0.9949546984927741,0.9087847878471215
566,-1,0.9990250375299362,0.9087833872816479,0.9912194590661121,0.8845533137776326,0.9907852741469719,0.8845385777581781,0.9949762697049521,0.9087840856256116
567,-1,0.9990336873032236,0.9087847966362422,0.9911321996344105,0.8846511737171922,0.9906925604407133,0.8845748145952725,0.9949873596603851,0.9087847883641287
568,-1,0.9990261098229148,0.9087840923466987,0.9912300658727539,0.8852600063221453,0.9907982161089224,0.8850530319789051,0.9949979594264659,0.9087840848501015
569,-1,0.9990312445379806,0.9087833880571574,0.9911803311333627,0.8847910995461019,0.9907499451904533,0.8846611546472763,0.9950343287704342,0.9087826788560619
570,-1,0.9990258098872212,0.9087826842846239,0.9912066707837345,0.8850054087210433,0.9907752228742612,0.8848821620128438,0.9949999244114494,0.9087833818530818
571,-1,0.9990308867324651,0.9087826827336063,0.9911901408474542,0.8850649891882338,0.9907589820335773,0.8849370871762805,0.9949788659634552,0.908782679373068
572,-1,0.999014497627676,0.9087840913126853,0.991211251588791,0.885022220301864,0.9907793424146253,0.884887553743328,0.9949764268359836,0.9087840851086051
573,-1,0.9990345222998483,0.9087833914176984,0.9911993860016917,0.8851414156730125,0.9907652436778328,0.8851025985897972,0.9950121207345117,0.9087833818530818
574,-1,0.9990108651191776,0.9087833940027299,0.9912641782170392,0.8855708021170088,0.9908345064650468,0.8854006683260686,0.9949813443320797,0.9087840848501015
575,-1,0.9990131184733516,0.90878338909117,0.9912374143207331,0.8849271062461935,0.9908057847571996,0.8848514164400056,0.9949753085466647,0.9087840848501015
576,-1,0.9990198822304633,0.9087840897616654,0.9912324733808695,0.8850349471158679,0.9908026005524456,0.8848942848602368,0.9949766646375903,0.9087833821115849
577,-1,0.9990111323083657,0.9087826858356415,0.9912120287844327,0.885244567053859,0.9907821502188091,0.885123999621959,0.994980904121889,0.9087833821115849
578,-1,0.9990326639843842,0.9087847971532491,0.9912045086978254,0.8850818676284629,0.9907731991142457,0.8850530319789051,0.9949960519758098,0.9087847878471215
579,-1,0.9990263200731065,0.9087840928637055,0.9912016174905653,0.8850778155361114,0.9907662107863106,0.8849304550898067,0.9950024250951288,0.9087840851086051
580,-1,0.999017975539234,0.9087840913126853,0.9912144592269821,0.8853176105100189,0.9907815633696301,0.8851106364185907,0.9949944695463177,0.908784788105625
581,-1,0.9990173471492768,0.9087840915711887,0.9912238951651263,0.8852627187763642,0.9907939598438695,0.8850718203424685,0.9950088150165807,0.9087847878471215
582,-1,0.9990265585903009,0.9087840936392155,0.9912438445060665,0.8853279937128686,0.9908185508826173,0.8851434909825625,0.995006231548139,0.9087840848501015
583,-1,0.9990226292456404,0.9087848010308026,0.9912068217398287,0.8849659886782644,0.9907739810832501,0.8848025204032249,0.9949757519510476,0.908784788105625
584,-1,0.9990246867439773,0.9087847948267174,0.9911986836264854,0.884880252089506,0.9907649778771069,0.8847898262638773,0.9949965462352718,0.9087847878471215
585,-1,0.9990217397090125,0.9087833906421888,0.991218651819874,0.885069074458538,0.9907875709085542,0.8848982705966797,0.9949765509838759,0.9087833818530818
586,-1,0.9990311983659855,0.9087840923466987,0.9912246397934559,0.8849029925080963,0.9907931413974639,0.8847737508579642,0.9949900155508767,0.9087840851086051
587,-1,0.9990234665482625,0.9087847956022279,0.9911969694669536,0.8847904960829431,0.9907626677717172,0.8846806128297945,0.9949720968654067,0.9087847878471215
588,-1,0.9990249638018041,0.9087840931222088,0.9911861320209746,0.884732858716966,0.9907520695583426,0.8846698959763778,0.9949717157761625,0.9087840848501015
589,-1,0.9990330357467937,0.9087833880571574,0.9911902982938087,0.884838656951488,0.9907577257129851,0.8847103868519468,0.9949835233307905,0.9087833818530818
590,-1,0.9990300623288673,0.9087833893496732,0.9911919303450023,0.8848373173133552,0.9907586523396189,0.8847033869297025,0.9949889587029223,0.9087840851086051
591,-1,0.9990243953376204,0.9087826863526475,0.9911922531352304,0.8848319253311809,0.9907593281419086,0.8847053295276859,0.9949817175663838,0.9087826788560619
592,-1,0.9990257403128363,0.9087826863526475,0.9911900154117061,0.8848821617611392,0.9907561638981462,0.8847421698279867,0.9949711432565789,0.9087826788560619
593,-1,0.9990257809004532,0.9087840923466987,0.9911920240838336,0.884823284039229,0.990759766893812,0.8846806125781472,0.9949733015557973,0.9087840848501015
594,-1,0.9990264380721973,0.9087826850601327,0.9912021311868469,0.8848453217125031,0.9907702055293209,0.8846905935082315,0.9949826372775293,0.908782679114565
595,-1,0.9990274921993545,0.9087826858356415,0.991199335738823,0.8848272365977181,0.9907662430463012,0.8846919331463637,0.9949765794542783,0.9087826788560619
596,-1,0.9990250664332653,0.9087840926052022,0.9912005013776573,0.8848232842909167,0.990767520064676,0.8846554948664483,0.994976048001135,0.9087840853671085
597,-1,0.9990261539781288,0.90878338909117,0.9912021924784067,0.8848138733943497,0.9907693215851654,0.8846584753710119,0.994976914171367,0.9087840848501015
598,-1,0.999025925328741,0.90878338909117,0.9912039924134781,0.8848172227413662,0.9907708635897875,0.8846685234119346,0.9949790350245595,0.9087833821115849
599,-1,0.9990260598932212,0.9087833883156604,0.9912041013019462,0.8848259301375396,0.9907708583838302,0.8846725418230452,0.9949789636298829,0.9087833821115849
